111
-67
-67
-67
-67
56
-67
-67
-67
-67
-67
-67
-67
111
111
160
-67
-67
160
-67
-67
-67
-67
-67
-67
-67
-67
160
-67
-67
-67
-67
-67
-67
-67
160
-67
-67
-67
-67
111
56
56
-67
-153.5
-117
-67
-67
-67
-67
-117
-67
-67
-67
-67
-67
-67
-67
111
-67
-67
-67
-67
-67
160
-67
1.5
160
-67
-67
-67
111
-67
160
-67
160
-67
111
1.5
-117
-67
-67
-67
-67
-67
-67
-67
160
-67
160
-153.5
-67
160
-67
-67
-67
-67
-67
-67
111
-67
-67
-153.5
56
56
-67
-67
-67
-67
-67
-67
-67
-67
-67
-67
-67
-153.5
-67
-67
-67
-153.5
-67
-67
-67
-67
-67
-67
-67
-67
-67
-153.5
-67
-67
-67
160
-67
-117
-67
-67
56
111
1.5
-67
-67
-67
-67
-67
-67
-67
-67
0
0
0
0
0
0
0
0
0
0
0
0
0
0
0
0
0
0
0
0
0
0
0
0
0
0
0
0
0
0
0
0
0
0
0
0
0
0
0
0
0
0
0
0
0
0
0
0
0
0
0
0
0
0
0
0
0
0
0
0
0
0
0
0
0
0
0
0
0
0
0
0
0
0
0
0
0
0
0
0
0
0
0
0
0
0
0
0
0
0
0
0
0
0
0
0
0
0
0
0
0
0
0
0
0
0
0
0
0
0
0
0
0
0
0
0
0
0
0
0
0
0
0
0
0
0
0
0
0
0
0
0
0
0
0
0
0
0
0
0
0
0
0
0
0
0
0
0
0
0
0
0
0
0
0
0
0
0
0
0
0
0
0
0
0
0
0
0
0
0
0
0
0
0
0
0
0
0
0
0
0
0
0
0
0
0
0
0
0
0
0
0
0
0
0
0
0
0
0
0
0
0
0
0
0
0
0
0
0
0
0
0
0
0
0
0
0
0
0
0
0
0
0
0
0
0
0
0
0
0
0
0
0
0
0
0
0
0
0
0
0
0
0
0
0
