111
-67
-67
-67
-67
160
-67
-67
-67
-67
160
160
-117
160
160
-67
-67
-67
-67
-67
-67
-67
-67
-67
-67
160
-67
-67
-67
-67
-67
160
-153.5
111
56
-67
-67
-153.5
111
-67
-67
-67
-67
-67
-67
-67
-67
-67
160
-67
-67
-67
160
56
-67
-67
160
-67
-67
-67
160
-67
160
-67
-67
-67
-67
-67
-67
160
-67
-67
160
111
-67
-67
-67
-67
160
1.5
-153.5
-67
-67
-67
-67
-67
111
-67
-67
-67
-67
-67
160
-67
-67
-67
-153.5
-67
-67
-67
160
-67
-67
-67
160
-67
111
-67
-67
-153.5
-67
-67
-67
-67
-67
-67
-67
-67
-67
-153.5
-67
-67
-67
-67
160
-67
-153.5
-67
-67
-67
-67
-67
-67
-67
-67
-153.5
-67
-67
56
160
-67
56
56
-67
160
1.5
-153.5
-153.5
-67
160
-67
-67
-67
-67
-67
0
0
0
0
0
0
0
0
0
0
0
0
0
0
0
0
0
0
0
0
0
0
0
0
0
0
0
0
0
0
0
0
0
0
0
0
0
0
0
0
0
0
0
0
0
0
0
0
0
0
0
0
0
0
0
0
0
0
0
0
0
0
0
0
0
0
0
0
0
0
0
0
0
0
0
0
0
0
0
0
0
0
0
0
0
0
0
0
0
0
0
0
0
0
0
0
0
0
0
0
0
0
0
0
0
0
0
0
0
0
0
0
0
0
0
0
0
0
0
0
0
0
0
0
0
0
0
0
0
0
0
0
0
0
0
0
0
0
0
0
0
0
0
0
0
0
0
0
0
0
0
0
0
0
0
0
0
0
0
0
0
0
0
0
0
0
0
0
0
0
0
0
0
0
0
0
0
0
0
0
0
0
0
0
0
0
0
0
0
0
0
0
0
0
0
0
0
0
0
0
0
0
0
0
0
0
0
0
0
0
0
0
0
0
0
0
0
0
0
0
0
0
0
0
0
0
0
0
0
0
0
0
0
0
0
0
0
0
0
0
