-67
1.5
-67
-67
-67
-67
-67
-67
-67
-67
-117
160
-67
-67
56
-67
-67
-67
-67
-67
-67
-67
-67
-67
1.5
-67
-67
-153.5
-67
-67
-67
160
-67
-67
111
-67
-117
-67
56
-67
-117
-67
-67
-67
-67
-67
-67
-67
160
56
-67
-67
-67
-67
-67
160
-67
-67
-67
-67
-67
-67
-67
-67
-117
-67
111
-67
160
-67
-67
-67
-67
-67
-67
-67
-67
-67
-67
-67
-67
1.5
-67
-67
-67
-67
-67
-67
-67
160
-67
-67
160
-67
-67
-67
-67
-67
-67
-67
-67
-67
-67
-67
160
-67
-67
56
56
56
-67
160
-67
-67
111
-67
-67
-67
-67
-67
-67
160
-67
-67
-67
160
-153.5
-67
-67
-67
-67
-67
160
-67
-67
-153.5
-153.5
-67
-67
-67
-67
160
-67
56
-67
56
160
-67
-67
-67
56
-67
-67
-67
-67
160
-67
-67
56
-67
-153.5
56
-67
160
-67
56
-67
-153.5
-67
-67
-67
-67
-153.5
-67
-67
-67
-67
-67
111
56
-67
-67
-67
-67
-67
-67
-67
-67
160
-67
-67
-67
-67
160
-67
-67
-67
111
-67
160
-67
-67
-67
-67
160
-67
160
-67
-67
-67
-67
-67
-67
-67
-153.5
160
111
-67
-67
160
-67
56
111
111
-67
-67
-67
-67
-67
-67
160
-67
-67
56
111
56
56
-67
-153.5
-67
-67
-67
-67
-67
-153.5
-67
-67
-67
-67
-67
-67
-67
-67
-67
-67
-67
-67
-67
56
-67
-67
-67
-67
-67
-67
-67
-67
160
-67
-67
-67
-67
-67
-67
160
-67
-67
-67
-67
160
-67
-67
-67
-67
-67
111
-67
56
-67
-67
-67
-67
160
-67
-67
-153.5
160
56
-67
-67
160
-67
-67
160
111
-67
-67
-153.5
-153.5
-153.5
56
-67
-67
-67
-67
56
-67
-117
-67
-67
-67
-67
-67
-67
160
-67
-67
-67
-67
-67
111
-153.5
-67
160
-67
-67
160
-153.5
160
160
160
-67
-67
-67
-67
-67
-153.5
-67
-67
-67
-67
-67
-153.5
160
-67
-67
-67
-67
-67
-67
-67
-67
-67
-67
160
-67
160
-153.5
-67
-67
-67
160
-67
56
56
1.5
-67
-67
-67
160
-67
-67
160
-67
-67
-67
-67
160
-67
-67
-67
160
-67
-67
-67
