-153.5
-117
-153.5
-67
-67
-67
-67
-67
-67
-67
56
-153.5
-67
-67
-67
-67
-67
-67
-153.5
-67
-67
160
160
56
-67
111
-153.5
-67
160
-67
-67
-67
56
-67
-67
-67
-67
-67
111
-67
-67
-67
-67
-67
160
-67
-153.5
-67
-67
-67
1.5
-67
-153.5
-67
-67
-67
-67
-67
56
-153.5
-67
-67
-67
-67
-67
-67
-67
-67
160
-67
-67
-153.5
-67
-117
-67
-67
-117
-153.5
-67
-67
-67
-67
-67
-67
111
-67
-67
-67
111
-67
160
-67
56
111
111
56
-67
-67
-67
-67
-67
-67
-67
-67
-67
111
160
-67
-67
111
-67
-67
160
-67
-67
160
-67
-67
-153.5
-67
-153.5
160
160
-67
-67
-153.5
-67
-67
-67
56
56
-117
-67
-67
-67
-67
-67
-67
-67
111
-67
160
111
-67
-67
-67
-67
160
-67
-67
160
-67
-67
-67
-67
-67
-67
-67
-67
-67
0
0
0
0
0
0
0
0
0
0
0
0
0
0
0
0
0
0
0
0
0
0
0
0
0
0
0
0
0
0
0
0
0
0
0
0
0
0
0
0
0
0
0
0
0
0
0
0
0
0
0
0
0
0
0
0
0
0
0
0
0
0
0
0
0
0
0
0
0
0
0
0
0
0
0
0
0
0
0
0
0
0
0
0
0
0
0
0
0
0
0
0
0
0
0
0
0
0
0
0
0
0
0
0
0
0
0
0
0
0
0
0
0
0
0
0
0
0
0
0
0
0
0
0
0
0
0
0
0
0
0
0
0
0
0
0
0
0
0
0
0
0
0
0
0
0
0
0
0
0
0
0
0
0
0
0
0
0
0
0
0
0
0
0
0
0
0
0
0
0
0
0
0
0
0
0
0
0
0
0
0
0
0
0
0
0
0
0
0
0
0
0
0
0
0
0
0
0
0
0
0
0
0
0
0
0
0
0
0
0
0
0
0
0
0
0
0
0
0
0
0
0
0
0
0
0
0
0
0
0
0
0
0
0
0
