-153.5
-153.5
-67
-67
-67
-67
-67
-67
-67
56
-67
-67
-67
160
111
160
-67
-67
-67
160
-153.5
160
-67
-67
-117
-67
-67
-67
-117
-67
-67
-67
-67
-153.5
160
-67
111
1.5
-67
1.5
-67
-153.5
-67
-67
-67
-67
-67
-67
160
-67
-67
-67
-67
-67
56
160
111
-67
-67
-67
-67
-67
160
-67
-67
-67
160
-67
-67
-67
-153.5
-67
-67
160
-67
111
-153.5
-67
-153.5
-67
-67
-67
56
-67
56
56
111
-67
-67
-67
-153.5
-67
-67
-67
1.5
-153.5
-67
160
-67
160
-67
-153.5
160
160
-67
-67
160
111
-67
-67
-67
-67
-67
-67
-67
160
1.5
111
-67
0
0
0
0
0
0
0
0
0
0
0
0
0
0
0
0
0
0
0
0
0
0
0
0
0
0
0
0
0
0
0
0
0
0
0
0
0
0
0
0
0
0
0
0
0
0
0
0
0
0
0
0
0
0
0
0
0
0
0
0
0
0
0
0
0
0
0
0
0
0
0
0
0
0
0
0
0
0
0
0
0
0
0
0
0
0
0
0
0
0
0
0
0
0
0
0
0
0
0
0
0
0
0
0
0
0
0
0
0
0
0
0
0
0
0
0
0
0
0
0
0
0
0
0
0
0
0
0
0
0
0
0
0
0
0
0
0
0
0
0
0
0
0
0
0
0
0
0
0
0
0
0
0
0
0
0
0
0
0
0
0
0
0
0
0
0
0
0
0
0
0
0
0
0
0
0
0
0
0
0
0
0
0
0
0
0
0
0
0
0
0
0
0
0
0
0
0
0
0
0
0
0
0
0
0
0
0
0
0
0
0
0
0
0
0
0
0
0
0
0
0
0
0
0
0
0
0
0
0
0
0
0
0
0
0
0
0
0
0
0
0
0
0
0
0
0
0
0
0
0
0
0
0
0
0
0
0
0
0
0
0
0
0
0
0
0
0
0
0
0
0
0
0
0
0
0
