56
111
56
-67
-67
-67
160
-67
-67
-67
111
-67
-67
-67
-67
-67
-67
-67
-67
-67
-67
-67
-117
1.5
56
160
-67
-67
-67
-67
-67
160
-67
-67
-67
-67
-67
-67
-67
111
-67
-67
-67
111
-67
-67
-67
-67
-67
-67
160
-67
-67
160
-67
-67
-67
-67
-67
-67
-67
-67
-67
-67
-67
56
-67
-67
-67
-67
-67
-67
-67
-67
-67
-67
-67
-67
-67
-67
-67
160
-67
-67
-153.5
160
-67
-67
-67
-67
-67
-153.5
56
-67
-67
-67
-67
-67
-67
-67
-67
160
-67
-67
-67
160
-67
-67
-67
-67
-67
-67
-67
160
-67
56
-67
-67
-117
-67
-67
-67
-67
-67
-67
160
-67
-67
160
-67
-67
160
56
-67
111
111
-67
-67
-67
-67
-67
-67
160
-67
-67
-67
-67
-67
-67
-67
-67
-67
-67
111
111
-67
-67
-67
-67
-67
-67
-67
-67
-67
-67
-67
160
-67
160
111
1.5
-67
-67
-67
-67
-67
-67
-67
-67
-67
-67
160
-67
-67
-67
-67
-67
-67
-67
0
0
0
0
0
0
0
0
0
0
0
0
0
0
0
0
0
0
0
0
0
0
0
0
0
0
0
0
0
0
0
0
0
0
0
0
0
0
0
0
0
0
0
0
0
0
0
0
0
0
0
0
0
0
0
0
0
0
0
0
0
0
0
0
0
0
0
0
0
0
0
0
0
0
0
0
0
0
0
0
0
0
0
0
0
0
0
0
0
0
0
0
0
0
0
0
0
0
0
0
0
0
0
0
0
0
0
0
0
0
0
0
0
0
0
0
0
0
0
0
0
0
0
0
0
0
0
0
0
0
0
0
0
0
0
0
0
0
0
0
0
0
0
0
0
0
0
0
0
0
0
0
0
0
0
0
0
0
0
0
0
0
0
0
0
0
0
0
0
0
0
0
0
0
0
0
0
0
0
0
0
0
0
0
0
0
0
0
0
0
0
0
0
0
0
0
0
0
0
0
0
0
0
0
0
0
