-153.5
111
-67
-67
-67
160
-67
56
-67
-67
-67
-67
-67
-153.5
160
160
160
-67
-67
-67
-67
-67
-67
-67
-67
-67
-67
-67
160
-67
-67
-67
-67
-67
56
160
-67
-67
-67
-67
-67
160
-67
-67
-67
-67
-67
-67
-67
-67
160
-67
-67
-67
-67
-67
-67
-67
-67
-67
-67
-67
-67
-67
-67
-67
111
160
160
-67
-67
-67
-67
-67
-67
-67
-67
-67
111
-67
-67
56
-67
-67
-67
-67
-67
111
160
-67
-67
-67
-67
-67
-67
-67
-67
-67
-67
-67
-67
111
-67
160
-67
-67
-153.5
-67
1.5
-67
-67
-67
-67
-67
-67
1.5
0
0
0
0
0
0
0
0
0
0
0
0
0
0
0
0
0
0
0
0
0
0
0
0
0
0
0
0
0
0
0
0
0
0
0
0
0
0
0
0
0
0
0
0
0
0
0
0
0
0
0
0
0
0
0
0
0
0
0
0
0
0
0
0
0
0
0
0
0
0
0
0
0
0
0
0
0
0
0
0
0
0
0
0
0
0
0
0
0
0
0
0
0
0
0
0
0
0
0
0
0
0
0
0
0
0
0
0
0
0
0
0
0
0
0
0
0
0
0
0
0
0
0
0
0
0
0
0
0
0
0
0
0
0
0
0
0
0
0
0
0
0
0
0
0
0
0
0
0
0
0
0
0
0
0
0
0
0
0
0
0
0
0
0
0
0
0
0
0
0
0
0
0
0
0
0
0
0
0
0
0
0
0
0
0
0
0
0
0
0
0
0
0
0
0
0
0
0
0
0
0
0
0
0
0
0
0
0
0
0
0
0
0
0
0
0
0
0
0
0
0
0
0
0
0
0
0
0
0
0
0
0
0
0
0
0
0
0
0
0
0
0
0
0
0
0
0
0
0
0
0
0
0
0
0
0
0
0
0
0
0
0
0
0
0
0
0
0
0
0
0
0
0
0
0
0
0
0
0
