111
-67
-67
111
-67
-67
-67
160
-67
111
-153.5
1.5
-153.5
-67
-67
-67
-67
-153.5
-67
-67
-67
-153.5
56
-117
-67
-67
-67
-67
-67
-153.5
-67
111
-67
160
-67
-67
-67
1.5
-67
-67
-153.5
-67
-67
160
-67
-67
160
1.5
-67
160
-67
-67
-67
-67
-67
-67
-67
-153.5
1.5
-67
-67
-67
-67
-67
-67
111
-67
-67
111
-67
-67
111
-117
-67
-67
-67
111
111
56
1.5
-67
-67
-67
-67
-67
-67
-67
-67
160
-67
-67
56
-67
-67
-117
-67
-67
-67
-67
-67
-67
-67
-67
-67
-67
160
-67
111
0
0
0
0
0
0
0
0
0
0
0
0
0
0
0
0
0
0
0
0
0
0
0
0
0
0
0
0
0
0
0
0
0
0
0
0
0
0
0
0
0
0
0
0
0
0
0
0
0
0
0
0
0
0
0
0
0
0
0
0
0
0
0
0
0
0
0
0
0
0
0
0
0
0
0
0
0
0
0
0
0
0
0
0
0
0
0
0
0
0
0
0
0
0
0
0
0
0
0
0
0
0
0
0
0
0
0
0
0
0
0
0
0
0
0
0
0
0
0
0
0
0
0
0
0
0
0
0
0
0
0
0
0
0
0
0
0
0
0
0
0
0
0
0
0
0
0
0
0
0
0
0
0
0
0
0
0
0
0
0
0
0
0
0
0
0
0
0
0
0
0
0
0
0
0
0
0
0
0
0
0
0
0
0
0
0
0
0
0
0
0
0
0
0
0
0
0
0
0
0
0
0
0
0
0
0
0
0
0
0
0
0
0
0
0
0
0
0
0
0
0
0
0
0
0
0
0
0
0
0
0
0
0
0
0
0
0
0
0
0
0
0
0
0
0
0
0
0
0
0
0
0
0
0
0
0
0
0
0
0
0
0
0
0
0
0
0
0
0
0
0
0
0
0
0
0
0
0
0
0
0
0
0
0
0
0
0
