-153.5
-67
-117
-67
-67
-153.5
1.5
56
-67
160
-67
56
-117
56
-117
1.5
-67
160
-67
1.5
1.5
56
-67
-67
-67
-67
-153.5
-67
56
-67
-67
-67
1.5
-67
-67
-153.5
-117
-67
-67
-153.5
-67
-67
111
1.5
-67
-67
-153.5
-67
-67
160
-67
111
-117
160
-67
-153.5
-67
1.5
-153.5
-153.5
-67
-67
-67
-67
-67
160
1.5
-153.5
-117
-67
-67
-67
-67
-67
111
-67
-67
-67
-67
160
-67
1.5
1.5
160
-67
-67
-67
-67
-67
-153.5
-67
-67
-67
-67
-67
0
0
0
0
0
0
0
0
0
0
0
0
0
0
0
0
0
0
0
0
0
0
0
0
0
0
0
0
0
0
0
0
0
0
0
0
0
0
0
0
0
0
0
0
0
0
0
0
0
0
0
0
0
0
0
0
0
0
0
0
0
0
0
0
0
0
0
0
0
0
0
0
0
0
0
0
0
0
0
0
0
0
0
0
0
0
0
0
0
0
0
0
0
0
0
0
0
0
0
0
0
0
0
0
0
0
0
0
0
0
0
0
0
0
0
0
0
0
0
0
0
0
0
0
0
0
0
0
0
0
0
0
0
0
0
0
0
0
0
0
0
0
0
0
0
0
0
0
0
0
0
0
0
0
0
0
0
0
0
0
0
0
0
0
0
0
0
0
0
0
0
0
0
0
0
0
0
0
0
0
0
0
0
0
0
0
0
0
0
0
0
0
0
0
0
0
0
0
0
0
0
0
0
0
0
0
0
0
0
0
0
0
0
0
0
0
0
0
0
0
0
0
0
0
0
0
0
0
0
0
0
0
0
0
0
0
0
0
0
0
0
0
0
0
0
0
0
0
0
0
0
0
0
0
0
0
0
0
0
0
0
0
0
0
0
0
0
0
0
0
0
0
0
0
0
0
0
0
0
0
0
0
0
0
0
0
0
0
0
0
0
0
0
0
0
0
0
0
0
0
