-153.5
-67
160
-67
-67
-67
-67
-67
-67
-67
-67
-153.5
-67
-67
-67
-67
-67
-67
160
-67
-67
-67
-67
-67
-67
160
-67
-67
111
111
56
-67
-67
-67
-67
-67
-67
-67
-153.5
-67
160
-67
-67
-67
-67
-67
56
111
-67
-117
-67
-67
-67
-67
-67
-67
-67
-67
-67
-67
-67
-67
-153.5
-117
-153.5
-67
-67
-67
-67
-67
-67
-67
-67
-67
-67
-67
-67
111
-67
-67
-67
-67
-67
-67
160
-67
160
-67
-67
-67
-67
-67
160
56
-117
-67
-67
-67
-67
160
56
-67
-67
-67
-67
-67
0
0
0
0
0
0
0
0
0
0
0
0
0
0
0
0
0
0
0
0
0
0
0
0
0
0
0
0
0
0
0
0
0
0
0
0
0
0
0
0
0
0
0
0
0
0
0
0
0
0
0
0
0
0
0
0
0
0
0
0
0
0
0
0
0
0
0
0
0
0
0
0
0
0
0
0
0
0
0
0
0
0
0
0
0
0
0
0
0
0
0
0
0
0
0
0
0
0
0
0
0
0
0
0
0
0
0
0
0
0
0
0
0
0
0
0
0
0
0
0
0
0
0
0
0
0
0
0
0
0
0
0
0
0
0
0
0
0
0
0
0
0
0
0
0
0
0
0
0
0
0
0
0
0
0
0
0
0
0
0
0
0
0
0
0
0
0
0
0
0
0
0
0
0
0
0
0
0
0
0
0
0
0
0
0
0
0
0
0
0
0
0
0
0
0
0
0
0
0
0
0
0
0
0
0
0
0
0
0
0
0
0
0
0
0
0
0
0
0
0
0
0
0
0
0
0
0
0
0
0
0
0
0
0
0
0
0
0
0
0
0
0
0
0
0
0
0
0
0
0
0
0
0
0
0
0
0
0
0
0
0
0
0
0
0
0
0
0
0
0
0
0
0
0
0
0
0
0
0
0
0
0
0
0
0
0
0
0
0
