111
160
-67
-67
-67
-67
-67
-67
-67
-67
-67
-67
160
-67
-67
-67
-67
-67
-67
-153.5
-67
-67
56
-67
-67
-67
-67
-67
-67
-67
-67
-67
-67
-67
-67
-67
-67
-153.5
-153.5
-67
56
-67
56
-67
-67
-67
-67
-67
-67
-67
-67
-67
-117
56
-67
-67
-67
-67
-67
-67
-67
56
-67
-67
-67
-67
-67
-153.5
-67
-67
-153.5
-67
-67
-67
-67
-67
-67
-67
-67
-67
-67
1.5
-67
-67
-67
-67
-153.5
-153.5
-67
56
1.5
-117
-67
-67
-67
160
1.5
-117
-67
-67
-67
-153.5
-67
111
-67
-67
-67
-67
-67
0
0
0
0
0
0
0
0
0
0
0
0
0
0
0
0
0
0
0
0
0
0
0
0
0
0
0
0
0
0
0
0
0
0
0
0
0
0
0
0
0
0
0
0
0
0
0
0
0
0
0
0
0
0
0
0
0
0
0
0
0
0
0
0
0
0
0
0
0
0
0
0
0
0
0
0
0
0
0
0
0
0
0
0
0
0
0
0
0
0
0
0
0
0
0
0
0
0
0
0
0
0
0
0
0
0
0
0
0
0
0
0
0
0
0
0
0
0
0
0
0
0
0
0
0
0
0
0
0
0
0
0
0
0
0
0
0
0
0
0
0
0
0
0
0
0
0
0
0
0
0
0
0
0
0
0
0
0
0
0
0
0
0
0
0
0
0
0
0
0
0
0
0
0
0
0
0
0
0
0
0
0
0
0
0
0
0
0
0
0
0
0
0
0
0
0
0
0
0
0
0
0
0
0
0
0
0
0
0
0
0
0
0
0
0
0
0
0
0
0
0
0
0
0
0
0
0
0
0
0
0
0
0
0
0
0
0
0
0
0
0
0
0
0
0
0
0
0
0
0
0
0
0
0
0
0
0
0
0
0
0
0
0
0
0
0
0
0
0
0
0
0
0
0
0
0
0
0
0
0
0
0
0
0
0
0
