-67
-153.5
-67
-67
-67
-67
-67
-67
-153.5
-67
-67
56
-67
-67
-67
160
-67
111
-67
-67
56
56
-153.5
-67
-67
-67
-67
-67
-67
56
-67
-67
-67
-67
56
-67
-67
-67
111
-67
-67
-67
-67
-67
-67
-67
160
-67
-153.5
-67
-67
-67
-67
-67
-67
-67
-117
-67
160
-67
-67
-67
-67
-117
160
-67
-67
-67
-67
-67
-67
1.5
-67
-67
-67
56
56
-67
-67
-67
1.5
-67
56
-153.5
-67
-67
-67
-67
-67
-67
160
-67
-67
111
-67
-67
-67
-153.5
-67
160
-67
-67
-67
-67
-153.5
-67
-67
-67
-67
-67
-67
56
-67
-67
-67
-67
1.5
-67
-67
-67
-153.5
-67
-67
-67
-67
-67
-67
-67
160
-67
-67
-67
111
-67
-67
-67
-67
-67
160
-67
111
-67
-67
-67
56
-117
-67
-67
-67
-67
-67
160
-67
56
-67
56
-67
160
56
-67
-67
-67
160
0
0
0
0
0
0
0
0
0
0
0
0
0
0
0
0
0
0
0
0
0
0
0
0
0
0
0
0
0
0
0
0
0
0
0
0
0
0
0
0
0
0
0
0
0
0
0
0
0
0
0
0
0
0
0
0
0
0
0
0
0
0
0
0
0
0
0
0
0
0
0
0
0
0
0
0
0
0
0
0
0
0
0
0
0
0
0
0
0
0
0
0
0
0
0
0
0
0
0
0
0
0
0
0
0
0
0
0
0
0
0
0
0
0
0
0
0
0
0
0
0
0
0
0
0
0
0
0
0
0
0
0
0
0
0
0
0
0
0
0
0
0
0
0
0
0
0
0
0
0
0
0
0
0
0
0
0
0
0
0
0
0
0
0
0
0
0
0
0
0
0
0
0
0
0
0
0
0
0
0
0
0
0
0
0
0
0
0
0
0
0
0
0
0
0
0
0
0
0
0
0
0
0
0
0
0
0
0
0
0
0
0
0
0
0
0
0
0
0
0
0
0
0
0
0
0
0
0
0
0
0
0
