-67
-153.5
-67
-67
-67
-67
-67
-67
-67
-153.5
-67
-67
-153.5
-67
-67
-67
-67
-67
111
-67
111
-67
-67
-67
-67
-67
-67
-67
-67
-67
-67
-67
-67
-67
-67
-67
-67
-67
-67
-67
-67
-153.5
-153.5
56
-153.5
-67
-67
-67
-67
-67
-67
-67
-67
56
1.5
1.5
-67
-67
-67
-67
-67
1.5
-153.5
-67
-67
-67
-67
111
-117
56
-67
-117
-67
-67
-67
-67
111
-67
-67
111
-67
-67
-67
-67
-67
-67
-67
-67
-67
-67
56
160
-67
-67
111
-153.5
160
0
0
0
0
0
0
0
0
0
0
0
0
0
0
0
0
0
0
0
0
0
0
0
0
0
0
0
0
0
0
0
0
0
0
0
0
0
0
0
0
0
0
0
0
0
0
0
0
0
0
0
0
0
0
0
0
0
0
0
0
0
0
0
0
0
0
0
0
0
0
0
0
0
0
0
0
0
0
0
0
0
0
0
0
0
0
0
0
0
0
0
0
0
0
0
0
0
0
0
0
0
0
0
0
0
0
0
0
0
0
0
0
0
0
0
0
0
0
0
0
0
0
0
0
0
0
0
0
0
0
0
0
0
0
0
0
0
0
0
0
0
0
0
0
0
0
0
0
0
0
0
0
0
0
0
0
0
0
0
0
0
0
0
0
0
0
0
0
0
0
0
0
0
0
0
0
0
0
0
0
0
0
0
0
0
0
0
0
0
0
0
0
0
0
0
0
0
0
0
0
0
0
0
0
0
0
0
0
0
0
0
0
0
0
0
0
0
0
0
0
0
0
0
0
0
0
0
0
0
0
0
0
0
0
0
0
0
0
0
0
0
0
0
0
0
0
0
0
0
0
0
0
0
0
0
0
0
0
0
0
0
0
0
0
0
0
0
0
0
0
0
0
0
0
0
0
0
0
0
0
0
0
0
0
0
0
0
0
0
0
0
0
0
0
0
0
0
0
