160
-67
160
-67
-67
-67
-67
160
-67
111
111
-67
160
-67
-67
-67
-153.5
111
-67
-67
-67
-67
160
-67
-67
-67
111
-67
-67
-67
-67
160
-67
-67
-67
160
-67
-67
111
160
56
56
-67
-67
-67
-67
-67
-67
160
-67
56
-67
-67
111
-67
-67
160
-67
1.5
111
-153.5
-117
-67
-67
-67
56
-67
111
-67
-67
-67
-67
-67
-67
-67
-153.5
56
-67
-67
-67
-67
-67
-67
-67
-67
111
-67
-67
56
-67
-67
-67
-67
-67
-67
56
-67
-67
-67
-67
-67
-67
-67
-67
-67
160
-67
-67
56
160
-67
111
-67
-67
-67
56
56
56
56
-67
-67
-67
-67
160
-67
-67
0
0
0
0
0
0
0
0
0
0
0
0
0
0
0
0
0
0
0
0
0
0
0
0
0
0
0
0
0
0
0
0
0
0
0
0
0
0
0
0
0
0
0
0
0
0
0
0
0
0
0
0
0
0
0
0
0
0
0
0
0
0
0
0
0
0
0
0
0
0
0
0
0
0
0
0
0
0
0
0
0
0
0
0
0
0
0
0
0
0
0
0
0
0
0
0
0
0
0
0
0
0
0
0
0
0
0
0
0
0
0
0
0
0
0
0
0
0
0
0
0
0
0
0
0
0
0
0
0
0
0
0
0
0
0
0
0
0
0
0
0
0
0
0
0
0
0
0
0
0
0
0
0
0
0
0
0
0
0
0
0
0
0
0
0
0
0
0
0
0
0
0
0
0
0
0
0
0
0
0
0
0
0
0
0
0
0
0
0
0
0
0
0
0
0
0
0
0
0
0
0
0
0
0
0
0
0
0
0
0
0
0
0
0
0
0
0
0
0
0
0
0
0
0
0
0
0
0
0
0
0
0
0
0
0
0
0
0
0
0
0
0
0
0
0
0
0
0
0
0
0
0
0
0
0
0
0
0
0
0
0
0
0
0
0
0
0
0
0
