56
-67
-67
-67
-67
-67
-67
-67
-67
-153.5
-67
-67
160
-67
-67
160
-67
56
-67
56
-67
56
1.5
-67
-67
-67
111
-67
-67
-67
-67
-67
-67
-67
-153.5
-67
160
-67
-67
-67
-67
-67
-67
160
-67
-67
-67
56
111
56
-67
-67
-67
-67
-67
-67
160
-67
-67
111
-67
-67
-67
-67
-67
-67
-67
-67
-67
-67
-67
-67
160
-67
-67
-67
-67
160
-67
-67
56
56
-67
-67
-67
-67
-67
-67
-67
160
160
160
-67
-67
-67
-67
-67
-67
-67
-67
-67
-67
-67
-67
-67
56
-67
-67
-67
-67
-67
-67
160
-117
-67
-67
-67
-67
-67
-117
111
111
160
-67
-67
-67
160
-67
-117
-67
-67
-67
-67
-67
-67
-67
-67
-67
-67
160
-67
160
160
-153.5
-67
160
-67
-67
-67
-67
-67
111
-67
-67
-67
-67
160
-67
-67
-67
160
56
160
111
-67
111
-67
56
111
-67
-67
-67
-67
160
-67
-67
-67
-67
-153.5
-67
-67
160
-67
-67
-67
-67
160
-67
-67
-67
56
-67
-67
-67
-67
-67
-67
-67
-67
-67
56
-67
-117
-67
-67
-67
-67
-67
-67
-67
111
-67
-153.5
-67
-67
-67
-67
-153.5
111
160
-153.5
-67
-67
-67
-67
160
-67
-67
-67
-67
-67
-67
111
-67
111
-67
-67
0
0
0
0
0
0
0
0
0
0
0
0
0
0
0
0
0
0
0
0
0
0
0
0
0
0
0
0
0
0
0
0
0
0
0
0
0
0
0
0
0
0
0
0
0
0
0
0
0
0
0
0
0
0
0
0
0
0
0
0
0
0
0
0
0
0
0
0
0
0
0
0
0
0
0
0
0
0
0
0
0
0
0
0
0
0
0
0
0
0
0
0
0
0
0
0
0
0
0
0
0
0
0
0
0
0
0
0
0
0
0
0
0
0
0
0
0
0
0
0
0
0
0
0
0
0
0
0
0
0
0
0
0
0
0
0
0
0
0
0
0
0
0
0
0
0
0
0
0
0
0
0
0
0
0
0
0
0
