47.8
-59.6
-64.4
-76.2
-72.7
-57.0
-55.8
-80.5
95.2
-107.3
81.0
-86.5
-61.8
-61.7
-60.9
-58.1
-65.3
-57.8
-67.8
-62.2
-54.1
-64.1
159.0
103.4
-73.4
-59.2
-55.6
-64.2
-63.6
-33.4
-66.0
-74.6
-51.6
-79.4
-66.9
-61.8
-70.6
-62.0
167.3
-76.7
-70.1
-66.3
-67.1
-66.3
47.9
-59.6
-64.4
-76.2
-72.7
-57.0
-55.8
-80.5
95.1
-107.3
81.1
-86.5
-61.8
-61.7
-60.9
-58.1
-65.3
-57.8
-67.9
-62.2
-54.1
-64.1
159.0
103.5
-73.3
-59.2
-55.6
-64.2
-63.6
-33.4
-66.0
-74.6
-51.6
-79.4
-67.0
-61.8
-70.6
-62.0
167.3
-76.7
-70.1
-66.3
-67.1
-66.3
