138.5
-103.2
-63.1
-79.9
-48.3
69.6
-62.2
-90.1
-71.8
-62.2
-58.6
-79.4
-95.4
89.0
86.8
166.3
-74.2
-79.1
142.2
-67.6
-59.5
-70.8
-68.9
-68.7
-61.1
-51.9
-55.5
170.2
-69.5
-73.7
-56.0
-66.0
-73.9
-71.9
-73.3
140.6
-64.3
-54.7
-50.9
-46.3
101.0
37.1
30.4
-47.5
-154.1
-112.2
-75.5
-64.8
-74.1
-71.8
-120.8
-95.5
-76.2
-56.3
-65.6
-59.1
-56.5
-63.9
119.9
-82.2
-65.0
-74.5
-65.5
-67.3
179.5
-54.9
13.7
153.9
-57.0
-78.9
-48.9
106.0
-57.3
176.1
-53.4
169.6
-51.3
138.8
-22.2
-109.1
-68.2
-82.2
-55.9
-64.2
-67.3
-62.8
-45.5
178.5
-61.9
167.5
-170.1
-58.3
171.7
-62.4
-82.7
-85.6
-85.4
-77.8
-58.5
136.5
-79.3
-59.3
-151.5
54.8
59.1
-90.7
-76.2
-64.4
-60.9
-70.6
-69.4
-57.3
-57.6
-63.6
-67.7
-65.0
-163.1
-74.5
-72.7
-79.2
-143.5
-64.4
-71.0
-64.9
-59.7
-58.1
-62.6
-63.3
-56.8
-76.0
-165.4
-79.7
-57.1
-79.8
169.0
-99.7
-113.0
-50.8
-65.5
68.9
92.2
20.9
-65.1
-61.7
-63.3
-50.1
-55.1
-64.8
-80.9
-82.9
