59.2
-64.5
-65.8
-64.2
-58.7
-65.6
167.8
157.7
161.5
149.7
-71.5
160.5
143.9
-63.4
53.7
-95.0
-77.5
-55.2
-57.6
-61.2
-65.6
140.0
-63.5
-77.1
-57.9
-68.4
-70.1
161.1
-75.8
162.7
154.4
-62.5
-172.4
-83.9
160.1
-39.7
168.3
116.8
-85.0
-58.1
-63.1
-61.0
-75.5
-79.3
55.2
-46.0
-179.0
39.6
95.5
-144.8
-54.6
-95.3
-121.8
-61.8
-65.1
-68.6
-60.8
-77.3
-60.1
-68.3
-62.2
145.3
64.6
-67.6
-68.0
-81.2
40.4
-65.8
-79.2
-75.1
147.8
-172.5
-71.3
-163.4
-149.3
-93.3
-70.9
152.0
-60.0
157.5
-149.3
119.9
-156.5
-139.0
161.0
163.7
-105.9
-73.4
-67.2
-66.5
-58.0
106.1
-72.9
-68.4
-73.0
150.2
-61.4
-68.6
-63.6
-62.4
107.6
-103.1
115.0
-38.7
153.5
-67.8
-68.5
163.6
-61.2
-67.3
-61.0
-72.1
-68.3
-66.0
-64.0
-74.9
-62.8
-69.0
-73.9
-62.1
-75.2
-62.5
-59.4
-63.7
162.2
-70.3
-169.3
-71.7
-157.7
-5.0
-81.4
-175.9
66.7
-80.7
-72.9
-74.9
-61.7
164.9
-62.8
-177.2
-95.1
163.5
-65.7
-69.4
-76.6
-61.7
-70.9
-60.9
-136.1
97.8
-58.2
-69.0
-58.3
-73.1
67.5
-75.9
-66.8
-74.4
-64.9
-9.9
144.5
116.3
-55.6
-138.5
175.9
73.4
-86.5
151.0
-63.2
155.4
-78.4
148.0
-88.2
-176.2
79.0
-64.8
-61.4
-60.9
164.5
-71.8
-80.6
-27.9
-86.6
-68.5
-59.3
152.5
-67.5
-71.0
-56.2
-49.6
142.5
-68.0
-60.0
-60.4
-72.2
-113.3
-64.8
-60.8
-85.5
 7.9
-52.1
-72.9
-51.0
-67.0
-61.3
-71.1
-71.0
-59.9
-75.0
-57.6
-65.7
-72.9
-69.4
-76.6
-57.8
161.3
-58.2
-36.6
150.0
-68.6
20.7
-144.2
-68.8
-56.7
-78.5
158.0
-73.8
151.4
-78.6
-62.8
-58.4
163.1
-51.5
-54.7
135.1
-31.7
-65.8
26.3
37.9
93.1
-70.2
-84.9
-84.5
-64.4
-66.2
-60.8
-65.9
-72.9
-53.5
-79.5
-71.9
-73.5
102.5
-42.6
-73.4
-97.6
-87.5
-53.8
61.2
-65.0
-78.9
-77.2
-59.8
135.1
-75.4
-63.3
156.5
-48.5
-51.4
-61.9
149.8
-44.8
34.2
-97.9
114.1
166.8
-50.1
-59.8
167.3
-60.1
-55.0
-52.1
-71.3
156.1
-111.0
-149.3
-71.4
-59.8
-66.2
162.0
165.1
150.1
-80.1
-73.4
-83.8
-64.3
-69.5
-58.8
