156.8
-71.8
-84.7
-61.7
-65.1
-47.8
-75.8
-77.5
-48.5
-82.8
-87.7
-51.1
-71.7
-171.1
87.5
-64.5
-60.9
-62.5
157.4
-74.3
91.4
-75.5
-69.4
39.8
-63.1
-62.2
-70.0
-132.4
-52.0
146.9
-59.8
-66.0
51.6
79.1
68.8
-83.5
-64.2
-85.3
-35.8
-73.0
-86.2
-64.3
-78.0
-64.6
-67.7
-64.2
-179.0
-66.1
-65.6
-49.1
163.2
-74.2
-71.4
-62.9
-77.8
-69.2
114.1
-70.8
-75.3
-69.7
-3.0
-60.2
68.6
-67.8
98.9
-69.7
-58.7
-54.1
-99.9
-86.4
-77.7
-73.6
-78.5
-47.2
141.1
-89.8
-82.4
134.8
-51.5
-76.0
-64.7
-73.0
163.3
-87.0
-63.5
-59.5
-83.7
-87.1
-56.1
-78.3
-64.5
152.8
-37.9
-68.8
