-170.1
-73.2
-72.8
-67.0
-67.9
-62.8
-57.6
-66.1
142.8
-62.6
163.8
-62.8
45.5
75.5
-64.5
-66.5
-75.2
-67.1
-63.1
-62.5
-82.5
-70.6
-59.6
-67.2
-65.8
179.0
-93.8
-72.1
-69.0
-73.4
-67.6
-70.9
-69.7
-68.3
-80.3
-73.3
-67.9
-63.7
-61.8
-73.4
51.3
-85.9
-65.9
153.4
-75.9
-66.0
-68.9
-67.6
119.3
-61.8
-66.9
-85.2
175.6
-62.0
-65.1
-62.2
-60.5
-62.6
-70.9
-143.4
-75.1
-72.8
-75.2
-66.1
-107.3
-59.8
-68.6
-66.3
-67.5
-67.6
-62.9
-110.1
99.8
-65.3
-68.3
-63.1
-59.9
141.5
-78.3
-164.7
75.1
115.3
-65.1
-61.4
-64.5
-69.9
-65.1
-68.7
-68.2
-69.2
-61.6
-71.6
-64.5
-89.7
165.2
-72.0
-66.3
-71.2
-72.3
-68.8
-67.5
-64.7
-70.7
-63.7
-69.1
-67.5
-66.3
-61.1
-68.0
-95.5
122.8
-72.9
-70.6
85.4
-67.4
-65.6
-69.7
-68.8
-70.2
-61.5
-66.8
-92.4
-74.8
-69.6
-77.5
170.7
-62.7
-135.9
-54.5
-64.1
-66.3
-61.9
-58.8
-66.6
-67.7
-68.8
-67.8
99.5
-64.6
-65.1
-63.9
-65.0
-63.9
-67.2
-65.1
-69.8
-66.9
-71.4
-67.8
-79.7
-73.9
164.9
-151.4
-64.8
-68.9
-69.2
-73.2
-67.2
-76.9
-66.8
-59.1
-57.5
12.2
99.9
-60.5
-62.8
-63.8
-86.9
-64.8
141.8
-65.4
-62.0
-69.7
