-52.9
-16.8
-87.8
-51.1
-69.3
-78.1
-74.2
-74.3
-55.6
-60.5
-122.0
167.8
-78.7
-62.8
74.3
-92.1
-75.1
-69.4
-66.8
-61.2
-62.3
-58.0
-66.5
-59.0
16.8
-70.4
-56.8
-150.4
-51.0
-57.9
-65.4
150.6
-76.3
-40.5
118.6
-61.8
-110.9
-69.1
54.2
-89.2
-110.8
-69.5
-74.3
-73.1
-72.1
-64.8
-73.1
-105.4
169.0
39.7
-88.0
-59.1
-59.4
-54.5
-61.2
159.0
-49.9
-44.1
-70.1
-69.2
-68.4
-61.3
-67.0
-75.0
-112.8
-65.2
136.8
-56.5
143.1
-53.1
-68.3
-61.7
-64.3
-69.9
-58.0
-61.3
-63.0
-57.4
-61.2
-56.9
-72.1
-5.2
-105.0
-66.4
-61.2
-57.1
-69.0
-66.2
-56.7
153.3
-71.1
-69.8
146.2
-57.1
-72.2
-77.5
-62.3
-64.1
-64.0
-68.2
-64.3
-50.3
-62.1
-87.5
175.8
-47.2
-84.7
80.9
45.2
64.3
-63.5
159.4
-62.8
-48.1
126.4
-57.4
-65.1
-64.5
-62.1
-60.5
-58.5
150.7
-52.6
-57.7
-52.0
161.0
-150.9
-50.2
-68.9
-68.8
-70.1
-68.2
179.8
-53.7
-58.9
-145.0
-158.4
-46.4
-103.6
-59.3
-58.9
173.4
-52.4
32.7
-69.2
43.0
153.1
-56.7
-60.3
-66.7
59.1
-75.9
-70.3
-62.0
-61.1
148.3
-65.9
-84.7
73.7
-59.8
-160.6
48.8
-64.5
156.0
-58.2
73.5
-60.9
-129.6
-66.4
-55.3
-54.8
-68.6
-129.0
-48.9
-72.7
-69.5
-67.6
-62.4
96.1
53.3
-63.1
-62.1
-57.8
-60.6
-67.1
-51.4
-52.4
-56.3
162.4
-50.9
-52.1
-61.2
-61.2
150.5
-49.9
-59.5
-74.8
96.6
-59.8
154.6
-57.8
-53.9
-70.7
-72.2
179.2
-56.9
175.9
-49.3
-66.0
-61.7
-41.1
-55.2
-64.8
-63.5
-146.4
148.7
132.1
-64.7
-71.2
141.6
-106.8
58.9
114.3
96.8
-69.0
-64.5
-75.8
-62.9
-60.8
-60.2
154.9
-49.1
-60.4
61.6
101.8
80.2
70.8
-67.3
-167.9
-65.0
-65.6
-51.0
-65.5
-73.6
-170.6
-48.1
-61.6
-64.9
-70.3
-59.6
-72.1
-70.6
-64.1
-60.8
-59.5
-66.2
-64.8
-62.4
75.0
-43.4
-42.8
-71.2
-69.2
-67.7
-52.9
-63.7
-56.1
158.2
-52.3
-55.1
-63.7
-69.6
-66.7
-75.0
176.7
-79.4
-72.3
-64.1
-63.2
143.0
-64.7
-65.9
-53.2
-32.7
-48.9
101.8
-40.4
33.2
-64.6
-78.1
-58.1
-72.5
165.8
-65.2
-63.3
-147.2
157.5
42.8
-53.6
-74.7
151.9
-52.9
-64.7
161.2
139.2
-80.8
-85.6
-159.9
-161.1
-148.9
72.4
-81.7
-63.6
-67.6
-77.3
43.0
-75.5
-115.5
-74.6
-74.2
-56.5
-75.9
-60.1
-56.6
149.8
-61.5
-80.2
-60.4
-61.3
-66.5
94.9
-156.0
-82.4
152.7
-72.2
-65.2
164.4
-156.4
155.7
155.8
152.2
-73.4
-63.0
-60.3
-67.9
-65.8
-162.6
-64.6
-64.3
-68.6
-70.8
-64.2
-154.9
157.6
-56.9
-58.4
-104.8
-60.3
-74.2
-82.7
-62.8
-68.0
-71.8
-66.2
143.7
-57.0
172.4
-177.8
-62.4
-73.8
-68.4
149.0
-72.3
75.3
50.7
 7.0
-63.7
-72.3
-49.1
163.6
-45.4
-56.3
174.0
-54.2
-55.9
-51.2
-62.4
179.1
-72.5
-55.8
-60.6
164.2
-86.2
-53.4
-54.6
