178.4
-64.0
-66.0
-66.7
-65.9
-69.0
-73.6
-65.1
-67.0
-58.3
125.9
-171.2
96.0
-64.9
-73.4
-64.8
81.6
-100.6
-75.3
-62.7
-71.6
-72.2
-66.8
-62.0
125.6
-58.8
-113.0
-59.8
-134.8
-68.1
-62.1
79.0
-41.0
-69.3
-56.5
-69.5
-63.7
-133.0
-68.1
-70.8
-69.9
-54.9
-71.9
-78.1
-67.6
-60.5
-64.9
-55.2
143.0
-63.1
-56.3
-63.7
138.4
-64.8
-66.0
-58.7
-125.4
105.8
-85.7
-52.4
-53.7
-43.4
-60.9
151.3
-44.9
-80.5
-66.7
-66.0
-145.5
-52.2
-77.6
-65.2
-67.1
-39.4
-67.9
-68.0
-74.1
-69.7
-67.8
-73.1
-53.2
-64.2
-80.6
-74.0
-90.0
-117.9
-66.0
