159.5
-65.8
165.5
-69.7
-70.0
-63.1
-71.8
-56.6
-63.1
118.6
73.8
-68.6
-74.3
-63.1
-79.0
-157.9
-50.9
-62.1
-55.9
-63.7
-178.3
-70.5
-78.6
-56.3
-62.8
-60.4
-73.3
-55.6
-51.7
-68.7
-55.0
-67.9
72.7
42.8
51.8
-76.3
-62.8
-63.8
-63.5
-62.3
-67.6
-82.0
-64.0
-58.8
-59.2
-62.7
-64.5
-69.8
-67.9
-70.6
-58.8
-75.7
-61.9
-64.1
-62.9
-171.5
-68.4
-62.8
142.3
-76.1
-66.7
-64.1
-64.2
-70.6
-49.4
-56.0
-79.4
-61.9
-61.5
-66.5
-66.1
55.3
-84.7
77.4
-62.7
173.4
-57.4
-56.1
-55.8
-66.5
-66.8
-65.8
-67.2
-59.0
-78.8
-72.9
60.3
-160.2
-58.5
-53.0
-65.0
-63.8
120.6
-70.0
-59.1
-68.1
-76.5
-64.5
-65.0
147.2
-60.1
-63.8
-59.5
-74.6
114.1
-126.3
-65.4
-66.0
-65.3
-63.0
-65.3
-57.7
-60.3
175.7
98.2
160.3
-63.6
-69.7
47.3
-73.5
-56.3
-61.8
-50.0
-61.3
-47.0
-64.0
-51.7
-63.0
-61.1
-60.1
-51.3
-59.5
-58.4
-59.8
-65.1
-71.6
-60.5
151.8
-63.3
-73.3
105.2
76.1
-80.7
-70.0
-62.0
-57.8
-61.1
-78.0
144.0
-71.0
-70.3
145.5
-68.1
-53.9
-69.5
-72.6
-68.1
-56.3
-65.8
-64.6
-69.3
