95.2
-62.7
-63.5
-70.2
-58.3
-72.7
-66.9
-28.7
-52.1
139.0
-41.1
70.5
-60.3
-76.0
-63.1
151.2
-46.6
-63.7
166.0
-40.6
-63.6
-152.0
-58.7
-71.0
-70.9
-76.3
-62.8
-65.1
-74.8
-64.5
-71.4
-75.8
-68.3
-50.3
-66.6
-70.3
160.8
-52.3
-54.6
156.6
-52.5
-70.5
-72.1
-72.6
-60.7
-57.9
-71.9
-64.3
-69.3
152.8
-69.3
-72.8
-74.3
-43.0
-66.9
-75.7
-140.5
-76.6
-60.0
-68.3
-69.5
-51.3
58.9
-66.4
-103.6
-77.3
-60.1
-70.3
156.2
-72.4
-64.5
90.4
-80.2
-87.1
-63.6
-64.8
176.1
-41.2
-67.5
-70.5
-66.8
-68.1
-70.1
-70.1
-54.1
-85.5
