77.5
-140.9
-149.2
-50.4
-64.6
-56.6
-45.2
64.7
-108.8
-67.5
-71.6
-88.4
-56.1
-72.9
-83.9
-64.1
-64.9
-58.3
-61.6
147.9
-60.6
-76.3
-90.2
104.5
-57.2
-92.2
-128.4
-88.9
-72.1
-97.1
-37.6
-66.0
-40.3
-96.9
-70.7
151.8
-58.1
-101.7
-43.8
63.9
-85.2
-51.0
-67.6
-174.9
-62.2
-37.3
-59.7
-61.3
-65.5
-67.5
-69.2
-97.9
-29.1
-90.5
-62.9
-78.9
-83.5
-57.5
-69.7
-56.1
49.6
-57.3
-91.5
-43.6
-90.2
-67.9
-175.6
62.6
-76.5
-54.3
-91.1
-89.0
-67.0
151.9
-93.2
-60.3
-58.2
-54.1
-65.2
-88.6
-63.5
-56.9
-62.9
-107.6
-68.7
-46.2
-59.0
-64.4
-43.9
-75.5
-24.6
-55.4
-80.6
-89.3
-71.8
-94.4
-69.4
-72.9
-170.3
74.3
