-169.2
164.2
-75.8
-71.5
-72.2
-72.3
30.4
-77.1
176.7
-70.3
161.6
-73.3
99.1
64.1
-69.7
-71.4
-84.2
-71.7
158.0
-68.3
-62.5
-71.0
152.6
47.9
70.8
-70.2
-71.8
-67.9
-67.5
-72.1
153.0
-77.8
-70.1
-99.8
-73.4
-141.9
-72.5
-73.9
-71.8
-137.8
148.0
-69.4
-58.2
-69.6
-71.7
-74.7
-71.8
-70.3
-72.6
132.6
-71.8
-68.5
-64.1
-73.3
-71.5
-73.4
-71.9
143.4
104.5
-178.3
57.8
66.1
-84.7
-147.1
-74.8
-71.3
-72.2
-71.7
166.0
-70.7
-125.8
-69.7
-70.9
-72.7
-72.8
-66.6
-72.0
-70.7
157.4
-73.2
-89.3
-77.7
-34.8
-44.2
113.9
89.2
-143.8
-167.9
-72.8
-65.2
-71.8
-89.2
-71.8
140.9
-71.1
160.3
-66.6
41.7
-67.6
-72.9
-77.8
-102.2
