156.8
-67.2
-52.4
-52.5
146.3
-34.7
-31.6
-19.7
-47.7
-177.3
100.0
-57.1
-43.9
-49.9
178.4
-65.6
-75.0
-68.2
-72.5
-74.4
-58.9
-76.7
-94.4
-82.2
-41.9
-27.7
-165.0
-57.4
-67.9
-62.5
-52.4
-73.9
53.3
-124.4
-70.1
-56.2
-57.6
-63.2
-135.8
-72.8
-44.9
-62.8
-70.6
166.5
-61.3
-67.3
-112.6
-48.1
-46.7
-93.5
-22.3
-64.5
-36.0
-74.3
-55.4
-62.0
-57.5
-61.1
-179.9
-71.1
-86.0
-80.1
-77.1
-58.4
-62.8
-66.9
-73.1
-53.8
-66.5
-67.5
-81.7
152.1
-68.2
-63.9
-56.4
-54.7
-67.3
128.2
-70.2
-96.1
-84.9
-64.4
-71.0
-56.7
-55.1
-53.0
-69.4
66.7
-64.7
-63.2
-45.9
-83.8
-53.0
-41.5
-52.9
-47.2
-73.1
