51.7
82.9
72.4
-62.0
-49.5
-51.8
160.9
-45.2
-69.3
-67.1
87.8
-76.5
-52.3
-50.5
-55.5
-61.9
-54.5
-67.6
-66.1
-66.0
-68.0
-72.4
-120.7
24.9
45.8
142.4
-51.8
-64.3
-55.1
-53.8
-60.1
144.3
-53.7
-62.0
-56.3
-68.8
-84.3
-44.1
-82.1
112.8
-51.8
-61.5
-55.8
116.1
-56.9
-54.7
-61.6
-51.4
-63.2
-61.5
171.3
-66.0
-49.4
146.6
-49.7
-71.6
-47.0
-53.3
-60.0
-57.4
-72.6
-57.2
-70.8
-66.1
-62.3
71.3
-70.7
-55.2
-57.5
-58.6
-53.4
-59.9
-67.8
-55.6
-61.1
-57.8
-56.9
-67.0
-72.2
-65.1
-53.9
152.4
-54.4
-43.5
-173.0
164.5
-63.2
-58.2
-59.2
-52.6
-61.2
-167.8
72.1
-97.5
-61.9
-73.4
-50.0
-57.3
-62.0
-73.3
-54.3
152.9
-44.3
-49.1
-62.5
177.8
-58.1
-42.9
-78.2
-64.8
-65.9
-59.9
-45.2
156.4
-52.8
41.7
-72.2
-31.9
-111.8
-72.5
-68.1
-61.0
-57.3
-59.0
-58.7
176.5
-71.6
-58.8
143.2
-55.4
-48.3
165.1
54.6
-79.0
95.0
95.8
-63.5
-59.1
-59.9
-62.2
-60.3
-62.5
167.5
-67.2
-60.9
-66.3
-62.5
-68.2
-64.7
-56.9
-43.2
-62.5
-75.6
113.7
101.8
-68.6
-67.5
-74.2
-71.3
-62.0
-69.6
-52.5
-64.6
-66.6
-69.1
-57.2
172.1
-103.1
154.6
110.6
19.8
-57.0
-50.6
-62.0
-60.1
-72.5
-67.6
-60.9
-59.1
-58.3
-67.9
172.2
-57.1
-68.6
-66.6
-71.1
-63.5
-57.7
-75.5
