-177.4
136.5
-62.6
-51.7
-69.3
176.5
-60.8
54.7
-45.4
-66.0
-65.4
-43.4
-56.4
-175.4
164.7
146.0
141.6
-45.6
-50.6
-67.0
-64.4
-70.2
-38.6
-69.0
-65.8
-59.4
-59.6
-64.1
178.3
-68.4
-61.7
-66.9
-65.5
-45.4
44.9
140.1
-62.0
-56.3
-75.6
-47.3
-69.2
174.4
-51.0
-66.1
-76.8
-64.8
-61.0
-55.0
-57.5
-61.3
141.9
-67.4
-83.6
-49.1
-56.6
-63.5
-54.2
-73.7
-71.3
-73.3
-50.4
-60.8
-61.0
-56.9
-49.4
-78.2
128.6
153.1
170.0
-61.1
-67.4
-54.6
-64.0
-54.4
-63.6
-64.9
-44.6
-64.4
133.2
-72.3
-72.7
74.2
-73.3
-76.1
-56.6
-55.8
-61.4
124.2
178.3
-50.8
-44.9
-73.0
-88.0
-71.8
-69.6
-69.6
-72.8
-68.7
-39.4
-78.4
-59.4
83.0
-54.9
148.0
-101.6
-85.7
-152.5
-82.8
12.7
-71.0
-63.5
-58.0
-71.2
-61.5
-78.4
-23.2
