-155.0
-60.7
-52.2
-63.5
-58.1
150.7
-55.6
-70.7
-67.3
-72.4
-70.1
-57.5
-79.5
-57.8
-61.1
-72.1
-66.1
-64.3
-64.2
-65.1
170.8
-61.0
-60.7
150.3
-65.3
-70.3
-65.2
-63.7
-60.9
-54.1
158.0
-29.2
-76.2
-84.5
-99.1
-54.9
-63.8
-68.7
-62.6
-42.0
53.9
38.0
-71.8
-69.7
-71.4
149.0
-68.3
-61.6
97.3
-64.1
85.2
-91.7
-67.4
-62.5
-66.7
-63.5
-68.7
-67.0
-46.6
-74.2
-84.7
68.1
-55.0
-83.8
-64.6
-59.4
-60.6
-62.9
-70.4
-67.8
-57.9
-71.9
156.6
-36.5
-49.8
-66.3
-60.7
-55.6
-63.8
170.0
-58.8
-72.3
143.8
-58.0
-57.0
-56.6
-48.2
98.0
151.3
-43.0
-60.3
-64.4
-63.5
-52.6
-59.7
154.1
-50.1
-61.1
-151.8
-50.3
-62.0
-63.5
-64.4
-70.2
-65.1
