-171.1
-84.3
-107.2
-55.5
-54.1
-168.1
14.0
41.4
-43.8
172.1
-42.8
55.7
-121.1
71.2
-110.6
 1.4
-55.5
165.3
-78.7
-19.5
16.8
48.3
-74.8
-71.7
-83.7
-102.6
-146.8
-74.7
79.3
-104.7
-95.5
-105.7
-20.4
-63.7
-98.4
-178.4
-109.3
-71.5
-54.7
-169.6
-43.7
-51.4
130.6
-15.5
-46.1
-50.8
-140.8
-89.6
-54.7
176.5
-103.5
86.2
-122.7
167.4
-53.0
-132.2
-63.9
15.5
-136.1
-150.2
-86.2
-72.5
-70.7
-70.7
-86.6
151.9
17.7
-171.8
-114.9
-37.1
-76.8
-58.2
-79.8
-81.9
130.9
-72.7
-79.2
-106.1
-57.3
175.9
-79.6
-8.7
-5.4
147.7
-42.2
-87.0
-36.3
-68.2
-69.3
-159.2
-91.3
-65.3
-68.1
-75.4
-101.0
