151.0
127.4
-12.5
-59.9
-81.3
-60.2
-74.8
-34.0
-68.5
-102.9
-64.2
-59.7
-84.3
-67.0
64.2
-60.0
-89.2
-63.7
-61.0
-58.4
-66.1
-59.6
164.6
144.0
-73.9
-60.2
-49.2
-100.5
-50.7
64.0
-116.4
-24.3
157.1
16.4
176.5
-54.3
-53.7
-67.3
-111.9
130.1
-53.7
-91.9
-78.1
-30.8
-95.8
-50.4
-60.2
-62.0
-77.2
-85.6
-62.2
-86.3
-47.6
148.2
114.0
-45.8
-84.4
-81.5
-59.3
-63.1
-75.6
-64.6
-81.7
-70.8
-66.8
-120.1
-98.3
17.6
-68.2
-67.9
172.4
-45.0
-91.7
-48.5
161.4
-143.3
-86.9
-61.5
-60.5
-90.7
-50.1
-64.4
-164.3
92.6
62.6
-75.1
179.0
-43.4
-126.2
