175.1
-59.4
-56.6
-53.4
-68.7
-66.3
-82.6
-67.2
-86.3
-47.9
-51.2
50.9
-65.9
-58.2
-49.2
-79.3
-69.3
-75.9
-179.8
76.4
-46.5
150.4
-62.7
-59.7
-59.8
-54.6
-57.8
-58.3
-63.1
-64.8
-112.9
105.6
-66.4
-92.5
-60.1
-48.2
-39.9
133.5
-57.3
-62.5
-54.4
-76.7
-60.1
-68.4
-60.1
-62.8
-62.9
169.7
-63.6
-73.5
-62.9
-54.3
-74.6
-48.2
-63.8
-52.4
-94.7
125.5
-39.4
-60.2
69.1
-60.0
-99.6
-52.1
-95.6
-52.7
-56.1
-41.6
73.4
68.0
-64.4
-66.9
-70.3
-65.2
-71.5
-73.6
-64.1
160.1
42.3
-120.7
-57.2
-54.5
141.0
59.1
