-159.0
-63.2
-60.7
-63.1
-57.5
-85.6
42.7
-89.1
74.1
178.8
-79.8
-63.8
-71.9
-66.4
-62.9
-62.0
-89.7
-46.9
-55.6
152.7
-78.8
-57.5
-113.1
-59.1
-58.5
-71.5
-65.9
-62.4
-64.4
-62.5
-59.6
-70.3
-57.4
-59.7
-61.0
-87.9
-135.5
-70.3
-39.1
58.1
-37.1
-71.5
54.4
-43.6
-66.2
-63.8
-76.6
-67.8
-65.6
-179.8
-84.4
-53.0
145.2
-64.2
-68.5
-59.3
-55.7
-58.7
-97.3
-64.6
-70.9
-75.2
-56.2
-65.7
-65.3
-62.2
-60.1
-56.5
-55.7
-57.9
-70.6
-64.8
-64.7
-69.2
-68.2
140.9
-68.0
-98.4
-56.3
-79.6
-55.8
-57.1
-54.3
-60.0
-68.6
-73.9
-58.2
-64.5
-50.5
-69.2
-97.2
-66.9
-60.0
-66.5
-58.3
-69.3
-70.5
-56.4
-82.3
-160.7
-67.5
-60.8
-63.7
-57.9
-88.7
43.5
-91.5
75.6
179.8
-77.5
-61.3
-70.7
-66.4
-64.0
-62.7
-92.4
-45.7
-56.2
155.3
-77.7
-57.3
-112.1
-59.4
-58.8
-75.4
-66.9
-65.2
-63.4
-65.1
-56.9
-69.4
-56.8
-62.6
-61.5
-87.5
-133.2
-68.8
-36.4
47.6
78.1
-77.2
-56.7
-46.8
-63.8
-63.3
-77.3
-66.0
-68.1
-179.2
-82.5
-50.8
148.5
-60.5
-70.6
-59.3
-53.4
-57.4
-95.1
-63.6
-71.3
-77.3
-58.0
-65.4
-58.9
-63.5
-59.9
-55.1
-55.0
-58.8
-70.4
-66.8
-65.7
-70.1
-68.7
139.5
-70.9
-100.8
-57.9
-77.5
-56.9
-57.4
-55.8
-58.2
-68.4
-70.7
-61.2
-59.8
-49.7
-69.3
43.3
-67.8
-59.8
-67.0
-55.1
-68.1
-69.9
-54.0
-81.4
