169.5
-49.0
155.5
-51.0
-78.1
-56.3
-61.0
-56.8
-48.4
151.4
-45.0
-64.3
-69.9
-60.4
-61.6
-50.3
-158.9
-59.7
-53.1
156.6
-43.9
-55.4
-58.8
-60.1
-64.3
161.8
-71.5
-69.0
147.8
-68.1
-66.9
-50.1
-50.7
-55.5
-109.3
-64.6
-56.6
-69.7
-61.4
-72.1
59.2
118.3
-68.5
-99.2
-66.7
-60.3
-60.2
-64.0
-68.6
-70.3
-63.7
-65.8
-159.1
-60.8
-67.6
-59.5
-47.4
-148.9
-81.1
-101.9
154.4
-157.4
-62.4
-66.3
-57.5
-55.0
-64.7
-78.7
-67.3
-72.8
-79.0
-66.8
153.7
-63.1
-60.0
-62.3
-57.1
-53.7
-38.8
147.5
154.0
-66.1
-66.4
-55.6
-171.9
-89.7
-52.2
-53.6
164.3
78.8
-71.5
-62.3
-79.4
-68.9
-113.4
-80.5
104.7
66.9
-151.6
-44.5
