126.6
151.1
-73.1
-68.8
-67.1
-53.0
-59.1
-74.4
-64.3
-66.2
-69.9
-69.4
179.6
-70.0
-67.0
-70.9
-58.3
-74.6
-60.6
-153.5
-69.3
-64.0
53.9
-68.4
-83.8
-66.5
-75.1
-83.8
-88.0
-58.7
-58.9
-51.8
-74.5
-78.5
-70.0
-63.5
-56.7
-140.2
-161.6
-87.8
54.6
-106.7
63.3
-83.1
-73.2
-62.7
-67.8
-63.0
-57.4
-77.6
-64.4
-84.8
-121.1
34.9
-71.7
-65.0
-65.7
-59.2
-33.8
-78.9
-52.3
57.9
-65.4
-61.0
-49.4
-67.8
-70.4
-166.3
-68.5
-63.2
-144.3
-76.2
-102.6
-84.3
-73.6
-72.3
-71.5
-106.5
-61.1
-75.0
-43.3
-26.0
-59.9
-64.1
-66.2
-52.7
-171.8
-179.4
-64.8
60.6
 0.2
-111.1
-76.5
-71.3
-53.4
162.8
 9.7
-125.5
-61.4
-56.1
-56.1
-147.3
-73.0
85.6
-55.3
-78.6
-69.8
-77.5
-74.1
