-147.4
-62.8
-64.9
-56.5
102.6
-55.9
-73.6
-173.4
79.7
-157.6
175.4
-74.0
-71.9
-60.8
-66.7
-64.8
-73.4
-65.8
-63.4
-64.1
-61.4
-66.2
-53.6
-53.7
179.4
-63.5
-71.6
-71.4
-55.8
-54.5
144.5
-48.9
-108.2
121.8
157.7
-65.3
-50.0
-42.9
-54.8
-61.7
-53.8
-63.3
-49.6
-66.9
-157.2
-50.4
144.7
107.5
-105.2
-83.5
-83.8
81.1
-69.2
-65.6
-62.6
-61.6
176.9
-69.9
-65.1
141.6
-64.0
-65.9
-66.8
-64.1
-66.6
-69.6
-64.0
-66.6
-70.1
-60.3
-54.3
-59.0
-67.6
-67.5
-59.9
-66.6
167.6
-65.0
-78.9
-68.6
-64.8
-64.3
-42.0
98.0
-81.0
-64.1
-70.4
-78.2
58.6
-67.2
-63.0
-59.6
-55.6
-59.3
-60.1
-62.1
-59.8
-167.1
