-154.5
-58.2
-61.0
-73.0
-65.6
-63.9
-67.7
-78.3
-63.4
-58.4
-60.2
57.6
-59.5
-51.2
133.6
-57.3
-57.4
-59.7
-61.8
-60.1
-52.8
-62.7
-58.2
-64.7
-53.9
167.7
-51.1
-61.3
-55.0
-50.3
164.6
-60.7
-173.1
-57.5
-158.9
-61.8
-60.3
166.0
63.9
-125.1
156.9
-70.8
-75.7
-85.7
-76.2
-69.7
-65.6
-64.4
-66.2
168.8
-59.3
-58.8
-61.1
-70.4
-56.5
-60.2
-176.4
-52.9
-51.3
-63.3
-62.5
-171.5
-47.5
-56.1
-52.4
-55.1
-58.8
60.3
-61.2
-71.5
-64.4
-58.5
-63.9
-66.6
-64.2
-175.4
-67.1
-73.4
89.2
-58.3
-61.7
-52.8
-62.2
-50.9
165.8
-46.2
-65.1
-154.5
-57.1
57.2
56.2
-61.6
-72.4
-68.3
-52.0
90.4
-62.7
-66.3
68.1
-87.7
-64.8
-56.6
-70.0
-54.0
-61.7
161.7
93.0
-60.9
-65.2
