53.4
-54.4
-63.3
-51.6
-74.6
-72.0
-62.7
-89.7
-69.9
-173.3
-73.0
-68.9
146.0
-59.7
-73.9
140.8
-94.3
42.3
-83.3
81.5
-97.7
62.3
28.4
-59.1
-56.5
-28.8
118.1
-49.6
-66.0
-60.4
-76.9
-64.3
-55.3
-62.2
-176.3
-49.2
155.8
-46.4
-49.0
-50.0
-57.6
-53.1
-52.8
173.5
-39.4
-54.0
-54.4
35.5
83.2
45.2
-60.2
-52.1
-69.6
-70.3
-56.9
-59.2
157.2
-85.2
-37.2
84.6
-71.9
-81.8
-60.9
-65.9
-64.8
-53.7
-49.9
-60.5
-64.0
-55.4
-59.2
-50.7
167.7
-41.0
-55.7
-60.3
-78.7
159.7
-70.8
-66.3
34.4
52.1
-72.5
-51.3
-54.0
-72.7
-63.3
-70.0
-63.3
172.4
178.2
175.4
-46.0
-52.7
-65.9
-62.5
-60.8
-83.7
-64.5
-59.9
-36.0
-67.2
-96.9
-54.3
-77.4
81.8
-59.2
-59.3
-71.3
-61.9
-53.2
-47.4
158.0
-107.9
-53.2
-51.7
-70.7
-71.3
-67.3
-118.3
102.6
100.1
158.2
-56.7
-64.5
-77.0
163.1
-74.9
-107.6
-75.8
-55.3
-61.9
-64.5
-56.2
-49.7
-63.3
-76.8
-71.9
-60.8
142.9
-65.5
168.7
143.4
-163.8
-51.2
145.0
-59.3
-59.0
-58.9
-66.6
-97.6
83.9
-63.4
-60.0
-63.7
-57.8
162.1
-57.9
-63.2
-71.0
169.3
68.8
169.2
96.1
-70.6
92.5
-62.5
32.3
114.7
-42.5
-73.8
-60.4
-51.1
143.3
-40.7
-57.9
-59.8
-55.9
-169.0
-61.5
-71.2
149.2
-52.6
-58.2
-64.1
-58.1
146.3
-44.7
-37.5
-79.0
71.1
-67.1
-67.3
-67.8
-78.6
-61.5
-62.8
-63.2
-58.1
-57.9
58.3
-55.2
-111.6
-61.9
-56.5
-54.3
-60.0
-72.5
-59.7
-67.1
94.7
-64.1
-176.3
-51.5
-48.7
-38.7
-48.2
-146.3
84.4
152.9
-168.7
-61.4
-58.1
-67.5
-52.5
171.0
-47.1
-48.5
-51.6
-67.5
-73.7
-66.8
83.9
-51.2
118.2
-55.1
-61.2
