159.6
 2.3
-69.8
-58.9
-126.5
-55.7
-43.3
-68.9
-57.6
151.5
-175.6
82.4
-73.4
-64.1
-62.1
-59.7
-61.2
122.8
-70.5
-54.0
138.3
-61.0
-73.3
70.5
-93.4
-78.1
-66.3
-61.5
142.0
-49.7
-60.8
-62.9
-64.2
-70.6
-72.1
-50.7
-42.4
-71.0
-63.1
-66.4
-58.4
-96.4
-61.5
-75.3
-63.8
-66.5
-67.9
-51.8
-58.8
-156.9
-81.7
101.8
-60.6
74.2
45.5
-82.5
-62.8
-70.3
-70.8
-69.1
170.6
-58.9
-54.7
-59.7
-67.5
-53.2
-68.5
-65.1
-72.7
-78.9
-114.8
-168.8
-68.2
-61.2
-59.4
-56.5
-63.3
-67.0
-56.6
153.8
-60.0
-68.7
-66.9
-63.2
-71.5
-57.7
-64.8
-64.6
-61.1
-166.3
-168.8
-68.2
-61.2
-59.4
-56.5
-63.3
-67.0
-56.6
153.8
-60.0
-68.7
-66.9
-63.2
-71.5
-57.7
-64.8
-64.6
-61.1
-166.3
160.3
-45.3
153.0
-72.1
-67.7
-44.8
-59.1
172.8
-67.4
89.7
111.7
-32.0
145.0
-46.5
-56.2
-80.6
-170.1
83.4
-61.3
-77.7
-54.6
-51.9
140.9
-70.4
-65.3
-61.2
130.3
-73.6
-60.3
-52.6
-83.1
178.6
-60.4
-62.7
-48.7
155.7
-45.0
-92.4
110.6
164.5
77.4
62.8
-88.6
-58.3
-76.3
-54.3
-42.9
-69.7
178.2
-62.5
43.7
-57.8
-49.6
120.7
-64.4
-64.6
167.2
-93.8
22.6
85.7
-144.9
-112.6
-59.8
-43.7
-59.6
73.1
-43.7
91.9
-59.5
-61.4
-60.0
-56.4
-75.2
-73.3
-73.0
-167.6
79.4
-55.1
-54.3
-77.4
-58.7
-60.6
-82.2
-50.8
-63.2
132.3
-67.8
-73.2
67.1
-76.8
-61.2
-72.1
-57.6
-47.2
-76.4
70.2
-87.2
-44.7
-61.6
-61.3
-57.0
-71.3
-61.2
-67.7
-58.3
148.6
-66.0
-63.3
61.1
160.3
-33.6
135.7
-62.5
-62.7
-63.1
79.3
64.8
50.7
81.2
-53.2
-62.5
-62.7
-64.8
152.8
-70.1
-72.1
-127.4
-57.1
-69.3
-68.2
-54.8
-80.3
-61.3
-87.8
163.0
-57.5
-62.8
-77.0
-69.2
-83.9
-153.9
-56.5
-55.7
-61.9
-66.4
-102.9
143.6
-64.1
-63.3
-97.6
-79.2
-66.3
-59.6
49.9
36.4
-74.7
172.7
-64.9
-61.0
-73.1
-51.1
-78.2
-20.8
162.9
-122.3
-48.7
-156.8
-14.0
119.0
43.1
-71.6
-62.1
-62.1
-57.4
-60.8
-64.7
-73.2
-61.3
-51.3
172.0
170.4
-55.3
138.3
-50.8
138.1
-63.7
-62.3
-60.8
-65.9
-57.9
-50.6
145.0
-54.5
153.7
50.1
-61.9
-93.9
71.1
-150.1
-62.7
-55.4
-55.4
137.1
-55.2
-135.5
-51.6
-65.4
-70.7
-61.4
-68.6
172.4
-42.8
-137.3
-19.9
-51.8
-141.2
-71.2
-62.3
-71.8
-79.9
-43.7
-100.4
-129.0
-22.4
152.6
119.5
-97.2
53.1
118.0
-173.2
107.9
-154.5
-109.4
57.5
-45.9
-88.6
-76.6
-47.8
-29.4
166.4
-58.3
-76.0
-88.4
-71.1
-82.5
-93.5
-99.4
-128.4
-79.8
14.1
-155.7
-80.0
-66.4
-49.9
-84.2
-41.1
113.5
-88.2
-99.9
24.2
151.4
-22.4
-96.9
-61.3
-21.4
-85.9
-68.1
-67.9
168.5
-70.7
-76.2
107.9
-89.0
-69.3
-143.2
-111.4
-176.1
-54.8
-46.2
-56.7
-64.3
-72.1
-76.4
-49.2
70.3
-167.8
-51.7
-58.9
-94.4
-85.8
-55.4
-70.2
-156.2
-58.3
-56.7
145.2
161.3
71.0
-96.8
109.3
-156.7
-34.1
175.9
-61.7
-42.5
-69.2
70.9
-69.9
-63.8
-49.7
-91.8
-42.7
86.0
-71.5
-66.9
-67.5
-64.8
-85.5
158.0
-55.2
-127.8
-98.4
-76.3
-96.1
-26.5
-65.2
-150.9
-59.4
-71.5
-74.9
-68.5
-57.6
70.7
-131.1
-81.4
-76.5
-86.0
-71.6
-42.7
-62.5
-71.8
-42.2
155.3
-46.1
-53.4
-145.7
-57.9
-124.2
-58.0
-53.8
-111.9
-170.0
-70.4
-59.2
-67.3
-55.1
-54.2
-61.2
113.4
-52.1
-56.1
-64.0
123.7
-71.3
157.1
-76.4
47.3
129.3
93.6
40.3
-89.6
-76.7
-72.5
-59.2
-68.0
-65.5
-53.7
-54.9
-46.7
139.3
169.4
-54.4
-79.3
137.1
-47.8
-67.8
161.0
-49.3
-77.9
151.9
-51.1
-39.7
-148.2
-47.0
-130.7
143.4
169.0
-61.4
-56.0
-162.0
-66.2
-70.1
-69.1
60.5
68.4
-118.8
-92.3
-95.9
-92.8
-70.1
-61.6
-54.2
-56.2
84.3
-59.4
176.7
134.8
-43.9
-54.2
-76.1
-54.3
174.0
-53.2
-61.6
177.6
-53.5
-58.4
-78.1
-72.3
-69.5
-78.8
-73.0
-60.1
-69.6
55.0
-60.1
-58.9
-58.7
-65.2
178.8
-56.0
-125.2
55.7
-50.7
57.2
80.5
45.5
-61.3
63.2
-134.3
62.4
74.1
-79.0
63.7
-132.9
-1.3
66.4
-65.2
61.5
-149.7
142.9
-70.4
-60.1
-67.0
-63.1
168.5
53.6
-51.2
59.1
71.4
48.4
-62.5
62.0
-137.2
71.9
73.3
-76.4
69.2
-133.3
40.3
-65.8
-72.4
62.9
-151.3
70.6
-73.2
-64.4
-60.8
157.5
-63.1
-69.4
147.8
-71.5
-61.2
146.0
-67.7
-66.2
-68.4
-71.2
-59.5
-63.6
-68.8
-60.0
-170.7
-70.6
-69.6
-65.8
-59.7
151.5
-71.5
-66.1
-66.7
-72.3
-59.6
-71.0
-68.9
-62.2
-65.9
-67.8
-65.0
51.8
-62.1
-62.1
-95.4
-74.5
-68.3
-66.7
132.7
-65.5
-51.6
-59.1
-59.7
-75.0
-61.7
-53.3
-80.4
52.3
145.2
-63.2
-62.2
-56.6
-124.1
-84.8
-61.6
-61.9
-73.1
-78.0
171.3
-66.6
-60.9
-61.3
169.0
-68.3
-69.9
-61.0
-65.5
-67.8
168.6
-58.5
-69.9
-61.8
174.0
-68.1
-64.9
-56.4
-70.5
-64.3
178.4
-60.6
-62.5
-79.5
-67.4
-72.2
-69.4
-70.0
-175.6
-56.0
-64.7
144.6
-62.7
-52.9
-58.4
-58.6
-68.4
-70.0
-48.5
-76.5
-55.3
-70.1
-58.7
-55.5
-47.4
-49.1
-63.6
-63.1
-62.0
-49.2
-57.0
61.9
23.5
-128.9
117.3
-61.1
-57.4
-55.0
-66.9
-55.8
-71.4
-55.1
-58.8
-61.2
-65.7
-57.7
-52.3
145.2
-68.6
-75.5
-167.8
54.0
-77.7
-59.9
-69.6
-73.5
-60.8
120.9
-63.8
-61.9
82.4
-99.5
68.5
136.9
-52.9
-65.2
-63.2
-58.8
-82.2
85.0
-62.7
-61.8
142.4
-53.9
119.8
-155.3
-133.9
46.0
48.7
-105.3
-105.1
-60.9
-56.8
145.8
-40.8
-87.4
-114.1
-42.0
-45.7
-75.3
-175.6
-66.7
-67.6
149.9
-71.8
-72.3
-67.2
93.7
112.5
-92.4
-48.6
-81.3
-55.9
-68.5
91.5
-75.4
-81.8
-39.9
38.8
-83.6
-68.4
-69.1
-53.2
-52.2
146.1
-50.3
-48.6
-67.7
-105.7
-24.7
-80.1
-73.3
-79.9
-98.2
81.5
-83.7
-73.3
-69.8
-69.0
-58.1
-59.1
-101.0
-68.5
-61.0
-99.0
-98.9
-63.9
-70.2
-43.0
-66.1
-62.0
138.7
-40.3
-70.0
53.2
-66.1
-81.6
-72.1
147.8
-77.5
-66.3
-51.2
-63.0
-80.9
-138.4
-59.7
-70.1
-77.5
-62.5
-68.2
-55.3
169.8
-56.5
-73.7
-77.8
-70.3
-78.3
-74.1
-55.2
-166.4
-160.1
-83.5
139.3
-58.4
-55.3
-79.4
-84.1
-69.6
-64.5
74.7
-68.5
-66.7
-64.9
-54.2
-60.0
-78.9
-72.4
-35.4
159.3
-75.7
-70.5
58.7
-59.8
-55.6
-63.0
165.7
-72.7
-65.7
-61.6
-60.7
167.5
-61.2
-63.9
53.4
-54.4
-63.3
-51.6
-74.6
-72.0
-62.7
-89.7
-69.9
-173.3
-73.0
-68.9
146.0
-59.7
-73.9
140.8
-94.3
42.3
-83.3
81.5
-97.7
62.3
28.4
-59.1
-56.5
-28.8
118.1
-49.6
-66.0
-60.4
-76.9
-64.3
-55.3
-62.2
-176.3
-49.2
155.8
-46.4
-49.0
-50.0
-57.6
-53.1
-52.8
173.5
-39.4
-54.0
-54.4
35.5
83.2
45.2
-60.2
-52.1
-69.6
-70.3
-56.9
-59.2
157.2
-85.2
-37.2
84.6
-71.9
-81.8
-60.9
-65.9
-64.8
-53.7
-49.9
-60.5
-64.0
-55.4
-59.2
-50.7
167.7
-41.0
-55.7
-60.3
-78.7
159.7
-70.8
-66.3
34.4
52.1
-72.5
-51.3
-54.0
-72.7
-63.3
-70.0
-63.3
172.4
178.2
175.4
-46.0
-52.7
-65.9
-62.5
-60.8
-83.7
-64.5
-59.9
-36.0
-67.2
-96.9
-54.3
-77.4
81.8
-59.2
-59.3
-71.3
-61.9
-53.2
-47.4
158.0
-107.9
-53.2
-51.7
-70.7
-71.3
-67.3
-118.3
102.6
100.1
158.2
-56.7
-64.5
-77.0
163.1
-74.9
-107.6
-75.8
-55.3
-61.9
-64.5
-56.2
-49.7
-63.3
-76.8
-71.9
-60.8
142.9
-65.5
168.7
143.4
-163.8
-51.2
145.0
-59.3
-59.0
-58.9
-66.6
-97.6
83.9
-63.4
-60.0
-63.7
-57.8
162.1
-57.9
-63.2
-71.0
169.3
68.8
169.2
96.1
-70.6
92.5
-62.5
32.3
114.7
-42.5
-73.8
-60.4
-51.1
143.3
-40.7
-57.9
-59.8
-55.9
-169.0
-61.5
-71.2
149.2
-52.6
-58.2
-64.1
-58.1
146.3
-44.7
-37.5
-79.0
71.1
-67.1
-67.3
-67.8
-78.6
-61.5
-62.8
-63.2
-58.1
-57.9
58.3
-55.2
-111.6
-61.9
-56.5
-54.3
-60.0
-72.5
-59.7
-67.1
94.7
-64.1
-176.3
-51.5
-48.7
-38.7
-48.2
-146.3
84.4
152.9
-168.7
-61.4
-58.1
-67.5
-52.5
171.0
-47.1
-48.5
-51.6
-67.5
-73.7
-66.8
83.9
-51.2
118.2
-55.1
-61.2
-90.6
-58.2
-57.0
-30.1
120.3
-71.3
-66.6
-61.9
71.9
-41.0
-64.2
-55.0
-94.1
 2.7
61.5
-76.9
-71.3
-66.7
-103.8
-77.3
-57.9
-99.7
-32.5
-80.7
-91.8
-56.4
-69.9
-87.7
-66.6
-7.9
64.9
93.7
-132.3
38.9
-30.4
-92.9
-65.4
135.4
-78.7
168.2
30.4
159.5
-63.7
-82.7
-161.7
-62.5
-77.6
-56.4
-64.9
-55.5
-49.1
136.6
82.7
-68.1
-68.9
-58.5
-57.5
-91.4
-81.9
147.5
-77.7
-86.3
63.9
-102.3
157.6
-93.6
125.3
144.2
-69.0
-58.3
-62.2
-58.6
-67.3
-55.6
-64.7
-67.1
-174.7
-71.0
-82.9
-79.0
-66.0
-64.5
-58.3
-61.9
-71.2
-177.7
-58.8
166.9
-70.5
-55.8
73.6
-82.4
-82.5
-79.1
-57.0
-71.3
-69.2
-55.6
177.7
132.9
51.7
-67.5
-70.8
-63.9
-70.1
-53.2
-52.1
119.9
-97.5
66.9
-72.5
-59.2
77.0
-59.5
-68.5
-57.3
134.2
-58.8
50.4
-74.2
-63.8
-62.6
-70.0
-59.6
-63.5
-60.4
137.6
-63.8
-60.2
-57.3
-75.3
-62.2
174.3
-57.2
-62.0
-155.0
-60.7
-52.2
-63.5
-58.1
150.7
-55.6
-70.7
-67.3
-72.4
-70.1
-57.5
-79.5
-57.8
-61.1
-72.1
-66.1
-64.3
-64.2
-65.1
170.8
-61.0
-60.7
150.3
-65.3
-70.3
-65.2
-63.7
-60.9
-54.1
158.0
-29.2
-76.2
-84.5
-99.1
-54.9
-63.8
-68.7
-62.6
-42.0
53.9
38.0
-71.8
-69.7
-71.4
149.0
-68.3
-61.6
97.3
-64.1
85.2
-91.7
-67.4
-62.5
-66.7
-63.5
-68.7
-67.0
-46.6
-74.2
-84.7
68.1
-55.0
-83.8
-64.6
-59.4
-60.6
-62.9
-70.4
-67.8
-57.9
-71.9
156.6
-36.5
-49.8
-66.3
-60.7
-55.6
-63.8
170.0
-58.8
-72.3
143.8
-58.0
-57.0
-56.6
-48.2
98.0
151.3
-43.0
-60.3
-64.4
-63.5
-52.6
-59.7
154.1
-50.1
-61.1
-151.8
-50.3
-62.0
-63.5
-64.4
-70.2
-65.1
28.2
-110.6
-163.5
-94.1
-108.0
-67.5
-60.4
-55.3
-55.9
-121.8
-26.7
-66.4
-56.2
-80.7
-64.5
-66.3
-63.3
-55.8
164.1
-47.4
-61.8
133.6
18.3
-116.4
130.4
-76.2
-74.7
-58.1
-51.8
-64.7
-80.5
-67.4
-70.9
-69.5
-48.2
37.4
-28.6
-81.1
-12.8
-80.2
-111.4
87.7
-96.4
-41.2
140.4
-48.1
87.5
-97.0
130.1
-51.5
-163.8
-43.1
-115.8
79.8
-94.4
-65.6
-62.1
-72.4
74.5
-44.1
-110.5
-54.8
-47.9
136.5
-77.5
-55.6
-44.1
-81.7
-68.2
-109.8
56.7
-64.4
-65.0
-58.9
-72.8
-68.7
-42.9
164.9
-69.8
-58.4
-67.5
48.8
-68.8
-62.3
-64.1
-60.9
-70.0
-63.2
162.6
-73.7
-61.7
-61.4
156.8
-67.2
-52.4
-52.5
146.3
-34.7
-31.6
-19.7
-47.7
-177.3
100.0
-57.1
-43.9
-49.9
178.4
-65.6
-75.0
-68.2
-72.5
-74.4
-58.9
-76.7
-94.4
-82.2
-41.9
-27.7
-165.0
-57.4
-67.9
-62.5
-52.4
-73.9
53.3
-124.4
-70.1
-56.2
-57.6
-63.2
-135.8
-72.8
-44.9
-62.8
-70.6
166.5
-61.3
-67.3
-112.6
-48.1
-46.7
-93.5
-22.3
-64.5
-36.0
-74.3
-55.4
-62.0
-57.5
-61.1
-179.9
-71.1
-86.0
-80.1
-77.1
-58.4
-62.8
-66.9
-73.1
-53.8
-66.5
-67.5
-81.7
152.1
-68.2
-63.9
-56.4
-54.7
-67.3
128.2
-70.2
-96.1
-84.9
-64.4
-71.0
-56.7
-55.1
-53.0
-69.4
66.7
-64.7
-63.2
-45.9
-83.8
-53.0
-41.5
-52.9
-47.2
-73.1
39.5
-81.7
-63.3
-70.6
-62.2
-66.6
-72.4
-75.1
-61.4
-73.4
-74.1
-66.3
-70.3
-81.9
-65.2
-68.8
40.2
-75.6
-68.2
-67.8
-69.8
-69.1
-70.8
-78.3
-55.1
-72.5
-69.2
-68.3
-64.7
-76.5
-63.1
-64.2
177.6
-59.2
-64.5
158.1
-71.6
-61.8
-81.6
-60.6
-66.0
-81.0
-71.5
-69.0
-66.9
-74.7
-62.9
-64.4
-81.6
-75.2
-91.0
163.3
-65.3
-72.2
-78.4
-62.0
-61.7
149.8
-65.8
-61.7
156.8
-73.9
-64.2
-60.4
-89.0
-67.3
-60.3
-68.6
-63.4
-67.5
136.9
-59.3
-68.3
-71.5
-66.2
-61.6
-72.4
-153.6
56.7
-85.6
-112.8
-77.5
-65.6
-71.6
-79.1
 6.7
-66.7
96.4
-71.3
-57.3
-59.8
140.1
79.5
-80.6
-96.7
-68.2
-137.6
-70.4
11.5
-159.4
-66.6
-65.6
-69.8
-81.3
-64.5
87.7
-50.3
-62.6
-79.0
64.1
-52.7
162.2
-65.0
-74.3
-71.3
-65.3
-66.1
-159.8
-134.2
-179.5
-68.6
58.7
82.6
-70.8
-67.2
-77.4
-66.7
-64.4
173.7
-70.8
-80.1
-61.2
-72.0
-73.6
-68.8
-32.2
-72.1
-152.8
60.7
-59.3
-119.7
-32.9
 3.4
-85.1
-82.8
-69.7
-74.5
-50.3
-59.5
-68.9
-62.1
-47.2
-74.1
-55.3
127.6
-80.6
51.1
-58.6
-56.7
-61.7
-49.8
149.2
-96.7
-49.3
-46.5
-57.9
-43.6
46.5
-40.5
-75.2
132.9
-86.0
68.6
-81.3
150.2
-60.8
-47.7
146.1
162.5
-43.8
-47.4
54.4
-75.6
141.7
-66.5
72.6
-51.4
-66.0
-45.2
-59.9
-52.0
-53.0
-55.4
-52.9
-16.8
-87.8
-51.1
-69.3
-78.1
-74.2
-74.3
-55.6
-60.5
-122.0
167.8
-78.7
-62.8
74.3
-92.1
-75.1
-69.4
-66.8
-61.2
-62.3
-58.0
-66.5
-59.0
16.8
-70.4
-56.8
-150.4
-51.0
-57.9
-65.4
150.6
-76.3
-40.5
118.6
-61.8
-110.9
-69.1
54.2
-89.2
-110.8
-69.5
-74.3
-73.1
-72.1
-64.8
-73.1
-105.4
169.0
39.7
-88.0
-59.1
-59.4
-54.5
-61.2
159.0
-49.9
-44.1
-70.1
-69.2
-68.4
-61.3
-67.0
-75.0
-112.8
-65.2
136.8
-56.5
143.1
-53.1
-68.3
-61.7
-64.3
-69.9
-58.0
-61.3
-63.0
-57.4
-61.2
-56.9
-72.1
-5.2
-105.0
-66.4
-61.2
-57.1
-69.0
-66.2
-56.7
153.3
-71.1
-69.8
146.2
-57.1
-72.2
-77.5
-62.3
-64.1
-64.0
-68.2
-64.3
-50.3
-62.1
-87.5
175.8
-47.2
-84.7
80.9
45.2
64.3
-63.5
159.4
-62.8
-48.1
126.4
-57.4
-65.1
-64.5
-62.1
-60.5
-58.5
150.7
-52.6
-57.7
-52.0
161.0
-150.9
-50.2
-68.9
-68.8
-70.1
-68.2
179.8
-53.7
-58.9
-145.0
-158.4
-46.4
-103.6
-59.3
-58.9
173.4
-52.4
32.7
-69.2
43.0
153.1
-56.7
-60.3
-66.7
59.1
-75.9
-70.3
-62.0
-61.1
148.3
-65.9
-84.7
73.7
-59.8
-160.6
48.8
-64.5
156.0
-58.2
73.5
-60.9
-129.6
-66.4
-55.3
-54.8
-68.6
-129.0
-48.9
-72.7
-69.5
-67.6
-62.4
96.1
53.3
-63.1
-62.1
-57.8
-60.6
-67.1
-51.4
-52.4
-56.3
162.4
-50.9
-52.1
-61.2
-61.2
150.5
-49.9
-59.5
-74.8
96.6
-59.8
154.6
-57.8
-53.9
-70.7
-72.2
179.2
-56.9
175.9
-49.3
-66.0
-61.7
-41.1
-55.2
-64.8
-63.5
-146.4
148.7
132.1
-64.7
-71.2
141.6
-106.8
58.9
114.3
96.8
-69.0
-64.5
-75.8
-62.9
-60.8
-60.2
154.9
-49.1
-60.4
61.6
101.8
80.2
70.8
-67.3
-167.9
-65.0
-65.6
-51.0
-65.5
-73.6
-170.6
-48.1
-61.6
-64.9
-70.3
-59.6
-72.1
-70.6
-64.1
-60.8
-59.5
-66.2
-64.8
-62.4
75.0
-43.4
-42.8
-71.2
-69.2
-67.7
-52.9
-63.7
-56.1
158.2
-52.3
-55.1
-63.7
-69.6
-66.7
-75.0
176.7
-79.4
-72.3
-64.1
-63.2
143.0
-64.7
-65.9
-53.2
-32.7
-48.9
101.8
-40.4
33.2
-64.6
-78.1
-58.1
-72.5
165.8
-65.2
-63.3
-147.2
157.5
42.8
-53.6
-74.7
151.9
-52.9
-64.7
161.2
139.2
-80.8
-85.6
-159.9
-161.1
-148.9
72.4
-81.7
-63.6
-67.6
-77.3
43.0
-75.5
-115.5
-74.6
-74.2
-56.5
-75.9
-60.1
-56.6
149.8
-61.5
-80.2
-60.4
-61.3
-66.5
94.9
-156.0
-82.4
152.7
-72.2
-65.2
164.4
-156.4
155.7
155.8
152.2
-73.4
-63.0
-60.3
-67.9
-65.8
-162.6
-64.6
-64.3
-68.6
-70.8
-64.2
-154.9
157.6
-56.9
-58.4
-104.8
-60.3
-74.2
-82.7
-62.8
-68.0
-71.8
-66.2
143.7
-57.0
172.4
-177.8
-62.4
-73.8
-68.4
149.0
-72.3
75.3
50.7
 7.0
-63.7
-72.3
-49.1
163.6
-45.4
-56.3
174.0
-54.2
-55.9
-51.2
-62.4
179.1
-72.5
-55.8
-60.6
164.2
-86.2
-53.4
-54.6
57.6
-68.3
-65.0
-67.2
-62.3
-61.5
-60.6
-63.0
-62.1
-63.1
-67.0
-66.9
57.6
-68.3
-65.0
176.7
-61.5
-60.6
-63.0
-62.1
-63.1
-67.0
-66.9
168.7
-69.3
-63.2
-64.2
145.9
-60.7
-66.7
-68.1
-63.5
-64.3
-73.1
-64.8
143.7
-64.0
-63.1
-83.8
-77.7
-64.8
-69.4
-63.0
-78.2
-62.2
-72.9
-83.2
-154.5
-58.2
-61.0
-73.0
-65.6
-63.9
-67.7
-78.3
-63.4
-58.4
-60.2
57.6
-59.5
-51.2
133.6
-57.3
-57.4
-59.7
-61.8
-60.1
-52.8
-62.7
-58.2
-64.7
-53.9
167.7
-51.1
-61.3
-55.0
-50.3
164.6
-60.7
-173.1
-57.5
-158.9
-61.8
-60.3
166.0
63.9
-125.1
156.9
-70.8
-75.7
-85.7
-76.2
-69.7
-65.6
-64.4
-66.2
168.8
-59.3
-58.8
-61.1
-70.4
-56.5
-60.2
-176.4
-52.9
-51.3
-63.3
-62.5
-171.5
-47.5
-56.1
-52.4
-55.1
-58.8
60.3
-61.2
-71.5
-64.4
-58.5
-63.9
-66.6
-64.2
-175.4
-67.1
-73.4
89.2
-58.3
-61.7
-52.8
-62.2
-50.9
165.8
-46.2
-65.1
-154.5
-57.1
57.2
56.2
-61.6
-72.4
-68.3
-52.0
90.4
-62.7
-66.3
68.1
-87.7
-64.8
-56.6
-70.0
-54.0
-61.7
161.7
93.0
-60.9
-65.2
58.4
-59.1
-58.1
-54.8
-141.6
-57.8
-67.4
51.6
-80.1
-65.6
-73.1
-73.6
-65.0
-57.7
-64.4
-63.2
33.5
-64.3
-53.3
-125.4
-83.1
-56.0
-50.2
-136.8
-62.6
-58.4
-63.0
-158.3
155.6
-66.2
-78.3
-65.0
161.0
57.7
-70.5
-59.6
143.2
-55.5
-76.3
-62.5
-58.3
32.3
-134.4
158.6
-72.2
-60.1
-58.2
-63.9
-68.6
-62.5
-64.2
168.5
57.1
-65.5
-58.8
-57.5
-59.0
-59.5
-61.7
-86.6
-52.1
-99.1
-104.3
70.7
-63.0
-63.7
-58.1
-61.3
-64.6
-67.8
-59.9
-60.8
-62.5
-58.5
-62.6
-62.1
157.9
-59.7
-63.1
-59.9
-57.3
-50.7
-70.7
-70.2
-73.2
-75.1
-69.3
-64.7
-90.3
-64.9
171.3
-60.2
-61.1
-54.3
169.3
-68.1
-42.1
65.9
-59.3
-95.2
-77.5
-66.0
-66.1
-53.5
-61.3
-77.3
-137.4
19.6
89.3
-7.2
153.7
103.2
-61.9
-48.7
151.0
-147.3
-86.4
-83.2
-87.7
70.4
-69.2
-151.5
73.2
123.4
-104.3
171.3
-70.7
142.5
56.1
-72.4
-59.0
-71.2
-65.5
-58.2
91.9
71.2
-61.6
-63.5
-65.0
-54.8
179.6
51.2
-74.5
-62.6
-73.0
-67.5
-65.1
69.9
79.2
-55.9
-60.5
-60.3
-70.8
172.0
177.6
-64.2
-62.6
-61.3
-59.1
-55.4
-58.4
-61.3
-62.9
-64.1
-62.1
-67.0
-63.9
-71.8
-63.2
-77.8
47.9
-64.5
-60.4
-59.1
-60.7
177.6
-64.2
-62.6
-61.3
-59.1
-55.4
-58.4
-61.3
-62.9
-64.1
-62.1
-67.0
-63.9
-71.8
-63.2
-77.8
47.9
-64.5
-60.4
-59.1
-60.7
170.4
-87.9
-73.7
-50.0
-50.6
-58.2
-53.9
-102.5
54.4
178.9
-65.8
-59.6
141.7
161.3
-48.3
-59.4
-68.0
92.2
28.9
-57.0
175.4
89.4
174.5
-49.0
-54.8
147.4
-45.8
-53.7
-53.4
-68.2
-84.7
-62.0
-56.4
-63.9
-77.5
-163.6
97.6
52.9
145.0
-76.4
-72.5
-65.1
-66.3
-67.1
-40.9
-63.9
-76.1
50.2
-60.1
81.5
-77.1
-76.4
-141.7
-72.1
-42.8
-83.2
140.9
-64.4
-31.1
58.9
-57.4
-99.9
-53.1
-65.6
-69.2
164.2
-68.8
-65.0
-58.6
-65.4
-71.8
-69.9
-48.6
-148.4
138.6
-63.5
-169.8
-61.1
-56.2
-70.1
-53.6
-69.6
-49.7
157.4
-52.4
-71.7
-95.7
-56.1
-139.8
-58.3
-52.3
-59.0
-64.3
-47.7
-75.3
125.4
-48.5
-82.3
-167.5
-89.1
-63.0
-103.8
-59.1
-56.9
-45.6
-57.2
-45.4
170.3
-39.1
-57.9
113.2
-49.3
-49.0
-67.5
-50.6
-62.8
-91.2
-60.4
-51.7
88.2
-49.1
22.9
-27.1
-41.9
-55.8
-86.9
-75.5
-146.9
-116.1
-70.7
 9.8
152.9
-74.8
118.9
147.7
-34.2
-75.6
-107.2
51.8
-93.8
-173.2
-113.2
-107.9
-68.7
141.0
-72.4
121.4
-68.5
54.0
-67.1
-65.8
-54.9
-71.7
-63.9
-63.9
-167.6
-78.9
-63.7
-63.6
-57.8
-66.0
173.6
-63.7
-69.9
134.5
-69.5
-112.9
-57.0
-64.7
-59.1
-60.4
-67.5
-57.7
-58.1
-67.1
-178.9
-31.1
-70.8
-60.6
84.3
165.1
-73.0
-87.0
63.3
-48.0
43.7
175.7
-86.8
-102.3
-38.0
22.4
-149.7
-72.7
154.3
-65.7
-54.4
-45.3
-179.1
-67.7
-62.2
-70.6
-67.8
-65.7
-66.1
-60.7
167.9
159.9
-63.4
159.2
-63.3
-70.2
-92.0
57.7
-68.9
57.2
-61.7
-69.4
-66.3
-63.7
-67.3
-60.8
157.3
-65.9
-58.6
85.6
-61.8
-80.5
-66.5
-69.2
-65.9
-64.2
-68.0
-68.2
-68.3
-68.6
-67.5
-61.8
153.6
-166.1
-63.4
-70.7
151.8
-66.0
-63.8
-62.6
-62.3
167.0
-62.3
-70.3
173.3
-73.9
-68.5
155.1
-63.8
-65.1
164.9
-69.6
-62.7
-123.3
-72.9
-71.8
-64.5
-65.9
-67.3
-66.5
-65.9
-66.9
-69.1
-64.7
-67.0
-68.8
-66.2
-70.6
-67.3
-68.5
-71.2
169.5
-49.0
155.5
-51.0
-78.1
-56.3
-61.0
-56.8
-48.4
151.4
-45.0
-64.3
-69.9
-60.4
-61.6
-50.3
-158.9
-59.7
-53.1
156.6
-43.9
-55.4
-58.8
-60.1
-64.3
161.8
-71.5
-69.0
147.8
-68.1
-66.9
-50.1
-50.7
-55.5
-109.3
-64.6
-56.6
-69.7
-61.4
-72.1
59.2
118.3
-68.5
-99.2
-66.7
-60.3
-60.2
-64.0
-68.6
-70.3
-63.7
-65.8
-159.1
-60.8
-67.6
-59.5
-47.4
-148.9
-81.1
-101.9
154.4
-157.4
-62.4
-66.3
-57.5
-55.0
-64.7
-78.7
-67.3
-72.8
-79.0
-66.8
153.7
-63.1
-60.0
-62.3
-57.1
-53.7
-38.8
147.5
154.0
-66.1
-66.4
-55.6
-171.9
-89.7
-52.2
-53.6
164.3
78.8
-71.5
-62.3
-79.4
-68.9
-113.4
-80.5
104.7
66.9
-151.6
-44.5
178.1
-60.7
-60.2
-56.6
-56.8
-65.6
-59.9
-59.6
-69.0
-60.9
-64.6
-63.4
-64.6
-57.8
-69.5
-63.2
-59.8
-71.1
-73.6
162.2
-60.1
-60.8
-59.5
-54.5
-54.2
-56.3
-108.1
-48.8
-64.9
-58.0
-58.0
-57.8
-58.7
-67.5
-68.1
-60.0
-64.0
-79.0
-60.4
169.5
-61.1
-58.2
-84.6
-85.3
-69.7
-61.7
-65.1
-63.5
-69.5
67.4
-74.8
-51.6
-153.3
-74.6
-67.2
-59.0
167.2
125.9
-75.3
-80.2
-56.2
-74.3
-64.0
-68.3
-76.3
-61.2
-67.2
-70.1
-66.8
169.1
-53.8
-77.3
-111.5
70.0
-81.9
-135.5
-65.4
-56.9
-60.6
-71.7
-54.2
-138.7
31.4
166.6
39.7
-52.6
-49.4
-63.6
-67.8
-176.6
54.3
-69.2
-67.9
-90.3
-56.4
-81.9
-69.9
161.2
-64.5
-68.5
167.7
167.3
-66.3
-78.2
-69.7
-59.9
164.5
58.1
-20.1
-54.5
-59.9
-83.5
-74.6
147.6
-79.4
-83.6
-54.3
64.0
-72.9
-69.3
-69.6
-57.7
-61.1
-62.9
-48.2
-44.6
55.4
-68.1
-63.5
-64.7
-62.7
-60.3
-61.2
-59.1
-65.6
-69.4
-64.8
-61.6
-63.4
-64.7
59.4
-67.3
-64.8
-71.9
-62.6
-61.3
-64.2
-52.0
-39.4
73.4
-67.3
-64.2
-61.0
-64.3
-59.9
-59.9
-67.6
-67.1
-66.4
-64.1
-62.0
-64.0
-62.1
43.0
-62.4
-53.6
-56.5
-178.9
-51.8
-53.0
-77.2
163.8
-55.7
-69.8
82.4
58.1
142.4
155.7
-50.2
-65.5
-64.1
-68.3
-63.2
140.6
-56.4
-64.9
-55.5
154.4
-40.4
175.1
-59.4
-56.6
-53.4
-68.7
-66.3
-82.6
-67.2
-86.3
-47.9
-51.2
50.9
-65.9
-58.2
-49.2
-79.3
-69.3
-75.9
-179.8
76.4
-46.5
150.4
-62.7
-59.7
-59.8
-54.6
-57.8
-58.3
-63.1
-64.8
-112.9
105.6
-66.4
-92.5
-60.1
-48.2
-39.9
133.5
-57.3
-62.5
-54.4
-76.7
-60.1
-68.4
-60.1
-62.8
-62.9
169.7
-63.6
-73.5
-62.9
-54.3
-74.6
-48.2
-63.8
-52.4
-94.7
125.5
-39.4
-60.2
69.1
-60.0
-99.6
-52.1
-95.6
-52.7
-56.1
-41.6
73.4
68.0
-64.4
-66.9
-70.3
-65.2
-71.5
-73.6
-64.1
160.1
42.3
-120.7
-57.2
-54.5
141.0
59.1
48.9
-60.7
-69.5
-56.2
-62.3
-64.7
-60.2
-65.6
-62.0
-53.5
-64.9
-62.4
-66.2
74.8
-150.6
161.1
-54.9
-66.1
-65.6
-57.1
-73.3
-67.5
-62.6
-55.6
-70.5
-62.0
-56.9
-70.7
-60.0
-62.4
70.3
-63.5
-55.2
-51.4
-57.5
-58.9
-69.1
-64.9
-56.0
-72.4
-75.5
-54.9
-53.4
-72.3
-73.4
-45.1
-71.6
-61.5
-52.9
60.8
-44.4
-61.3
-64.1
-58.7
-77.3
-49.4
-49.8
-51.9
-71.8
-63.1
-71.7
-55.5
-53.3
-53.7
-67.7
-74.5
-69.4
-64.0
51.4
-53.3
-65.1
-60.8
-71.0
-55.8
-58.7
-68.6
-71.4
-64.1
-160.4
-68.6
-68.8
-80.2
-71.3
-69.3
-65.3
-55.8
-49.0
174.6
-64.2
-69.6
-66.2
-73.6
-66.9
-63.9
-66.0
-68.5
-68.1
-72.7
173.6
-67.0
-69.6
-68.7
-73.3
-68.1
-63.4
-67.2
-67.8
-71.5
-72.9
-173.7
-69.1
-61.2
-54.0
-59.6
-45.2
-65.6
-60.8
-68.2
13.2
-64.8
-61.2
-58.8
-56.5
-53.9
68.3
-52.9
-56.0
-55.4
-54.3
-59.9
-45.9
-59.2
172.9
-59.9
-7.6
60.7
119.6
60.5
-91.1
-70.1
-66.3
-64.2
-52.2
-52.8
-53.9
-47.2
140.0
-22.3
32.2
-71.0
-55.3
62.0
-69.6
-178.7
-177.5
-65.0
-56.9
-62.9
-62.8
-51.9
-50.5
-51.8
-55.2
-53.8
-75.4
133.1
-45.5
-54.2
-62.3
64.8
-61.0
-55.6
-59.6
-51.8
-63.7
-146.3
-66.5
-68.2
-64.7
-60.2
-54.7
174.0
-65.8
-72.5
-60.0
-77.1
-67.3
-57.6
-57.7
-65.0
103.0
162.8
-64.1
-66.0
-55.7
-64.7
-68.3
-41.6
59.0
-53.8
-70.3
71.4
-75.9
-120.4
-79.1
-63.0
-53.7
-66.0
-82.0
160.5
-52.9
-66.2
-64.5
-60.2
-77.2
-50.7
161.2
-61.8
-57.1
-174.4
-160.8
100.2
-158.3
-90.3
-43.2
-55.5
34.6
98.4
-146.0
-48.7
-85.3
-59.7
-8.9
-93.3
-54.3
-54.7
-67.2
-73.0
169.7
-69.7
-58.5
111.8
-74.6
-81.7
-71.7
-114.9
88.2
74.8
-93.4
88.8
-61.5
-40.3
-80.2
56.3
-64.8
-63.9
-80.8
160.6
-69.4
87.9
-61.3
-60.5
-39.4
-57.0
-99.0
-55.1
-76.0
-72.3
-34.3
154.4
-64.6
-81.3
145.5
-75.7
-70.6
-64.4
-75.9
-55.5
-99.8
-83.4
53.1
-56.3
-68.1
-66.6
-58.4
-56.0
-68.7
-61.6
-62.1
107.3
118.4
-54.2
-51.3
-62.9
-74.9
-55.0
-70.2
-62.4
-56.7
56.1
-56.9
-61.4
-63.4
-63.2
-55.2
-54.0
-54.1
-69.9
-77.0
-66.6
-64.6
-57.2
-50.9
-67.3
-57.6
-58.6
-38.0
-58.1
-147.2
-83.2
162.8
-54.0
-53.0
-64.4
-68.3
-60.5
-63.1
-64.7
-62.8
-131.8
-54.9
-65.4
-72.0
-72.9
-71.0
-50.0
154.1
-63.9
-67.8
-60.2
-63.2
-57.4
-52.8
157.4
-52.7
-63.9
92.7
96.0
79.3
-74.0
-78.6
-77.3
-53.7
-69.7
-53.5
-57.6
-153.8
-79.7
165.9
-72.8
-61.6
-81.1
-60.4
-79.9
46.6
120.0
-72.4
-107.0
-66.6
-61.9
-63.8
-70.4
-68.9
-77.4
-67.6
-58.6
-60.0
-55.0
-62.8
-61.6
-154.4
-107.0
-169.4
-91.5
-72.8
-65.4
-64.0
-65.1
-60.5
-77.3
-50.1
-66.8
-72.8
-69.2
-73.9
93.6
-66.0
-60.8
-64.2
-56.8
-53.8
-61.3
167.6
-57.9
150.2
-57.1
-54.9
-84.7
-64.0
-64.6
162.5
51.0
-111.8
-59.2
-66.1
-71.3
-55.0
170.2
65.9
-49.7
-65.7
-80.7
-74.7
-81.2
-171.6
-41.4
-54.7
38.8
-74.4
-71.9
-63.1
-28.5
52.1
-95.8
-70.5
-63.4
-63.4
-56.1
-47.8
-52.8
-65.3
-68.0
-63.1
-51.4
-67.0
-61.4
-64.7
-59.9
-57.3
153.7
-57.8
-68.8
-95.2
-53.1
-69.4
-72.1
-43.6
147.6
-65.0
-44.7
-64.8
128.4
-62.3
66.1
-158.2
63.7
-107.5
-63.7
148.4
-52.6
74.8
42.9
48.6
-67.9
-61.7
-57.4
-55.7
-50.7
-56.7
-63.4
53.8
-69.9
72.2
66.8
-59.7
-59.0
-53.7
-60.0
56.6
93.3
-45.3
-122.3
-48.3
-60.1
-63.2
-52.0
-59.0
-49.9
-63.6
-63.3
69.9
-46.6
148.6
-62.0
95.8
-69.9
-66.0
53.7
-62.5
-70.3
-59.3
-58.0
-96.8
-76.0
-63.8
-55.4
142.8
-73.3
-52.2
53.7
-62.6
-70.4
-59.3
-58.0
-96.8
-75.9
-63.9
-55.4
142.8
-73.3
-52.2
172.5
-53.3
-70.6
-62.5
-64.8
-54.4
83.5
-57.5
-54.7
-47.0
70.9
-61.8
-54.6
15.1
-37.9
-62.7
-70.8
-64.9
-46.3
134.4
-76.9
76.2
-69.5
-47.9
-59.8
-54.2
-53.3
174.8
-49.5
-56.4
178.4
-43.6
-39.9
-71.5
-58.6
-59.9
-64.9
-58.7
-51.5
-67.0
-66.7
-48.1
-71.2
-70.8
-56.2
-58.3
124.0
-67.1
-48.9
-70.2
-63.4
-61.3
-65.2
-43.6
59.2
-64.5
-65.8
-64.2
-58.7
-65.6
167.8
157.7
161.5
149.7
-71.5
160.5
143.9
-63.4
53.7
-95.0
-77.5
-55.2
-57.6
-61.2
-65.6
140.0
-63.5
-77.1
-57.9
-68.4
-70.1
161.1
-75.8
162.7
154.4
-62.5
-172.4
-83.9
160.1
-39.7
168.3
116.8
-85.0
-58.1
-63.1
-61.0
-75.5
-79.3
55.2
-46.0
-179.0
39.6
95.5
-144.8
-54.6
-95.3
-121.8
-61.8
-65.1
-68.6
-60.8
-77.3
-60.1
-68.3
-62.2
145.3
64.6
-67.6
-68.0
-81.2
40.4
-65.8
-79.2
-75.1
147.8
-172.5
-71.3
-163.4
-149.3
-93.3
-70.9
152.0
-60.0
157.5
-149.3
119.9
-156.5
-139.0
161.0
163.7
-105.9
-73.4
-67.2
-66.5
-58.0
106.1
-72.9
-68.4
-73.0
150.2
-61.4
-68.6
-63.6
-62.4
107.6
-103.1
115.0
-38.7
153.5
-67.8
-68.5
163.6
-61.2
-67.3
-61.0
-72.1
-68.3
-66.0
-64.0
-74.9
-62.8
-69.0
-73.9
-62.1
-75.2
-62.5
-59.4
-63.7
162.2
-70.3
-169.3
-71.7
-157.7
-5.0
-81.4
-175.9
66.7
-80.7
-72.9
-74.9
-61.7
164.9
-62.8
-177.2
-95.1
163.5
-65.7
-69.4
-76.6
-61.7
-70.9
-60.9
-136.1
97.8
-58.2
-69.0
-58.3
-73.1
67.5
-75.9
-66.8
-74.4
-64.9
-9.9
144.5
116.3
-55.6
-138.5
175.9
73.4
-86.5
151.0
-63.2
155.4
-78.4
148.0
-88.2
-176.2
79.0
-64.8
-61.4
-60.9
164.5
-71.8
-80.6
-27.9
-86.6
-68.5
-59.3
152.5
-67.5
-71.0
-56.2
-49.6
142.5
-68.0
-60.0
-60.4
-72.2
-113.3
-64.8
-60.8
-85.5
 7.9
-52.1
-72.9
-51.0
-67.0
-61.3
-71.1
-71.0
-59.9
-75.0
-57.6
-65.7
-72.9
-69.4
-76.6
-57.8
161.3
-58.2
-36.6
150.0
-68.6
20.7
-144.2
-68.8
-56.7
-78.5
158.0
-73.8
151.4
-78.6
-62.8
-58.4
163.1
-51.5
-54.7
135.1
-31.7
-65.8
26.3
37.9
93.1
-70.2
-84.9
-84.5
-64.4
-66.2
-60.8
-65.9
-72.9
-53.5
-79.5
-71.9
-73.5
102.5
-42.6
-73.4
-97.6
-87.5
-53.8
61.2
-65.0
-78.9
-77.2
-59.8
135.1
-75.4
-63.3
156.5
-48.5
-51.4
-61.9
149.8
-44.8
34.2
-97.9
114.1
166.8
-50.1
-59.8
167.3
-60.1
-55.0
-52.1
-71.3
156.1
-111.0
-149.3
-71.4
-59.8
-66.2
162.0
165.1
150.1
-80.1
-73.4
-83.8
-64.3
-69.5
-58.8
48.6
-71.0
-70.3
-69.6
-65.7
-75.3
-60.9
171.6
-92.0
-68.7
-72.4
-73.8
-71.7
167.3
-65.4
-70.7
140.0
-60.9
-105.6
-54.0
165.1
-66.2
-71.8
-93.9
-61.1
-68.0
179.3
-60.9
-67.2
-61.6
-61.9
-144.0
-48.0
-68.0
173.5
-61.4
-55.7
-52.2
72.5
93.6
-95.7
167.5
-77.6
-60.5
-39.8
-78.3
-53.4
-102.1
71.3
-54.9
-49.7
-66.8
-57.4
-58.6
165.6
-45.6
-63.6
-58.8
-60.3
-79.8
-72.7
-64.6
-57.2
-73.9
-66.7
-53.6
-48.2
103.6
-66.4
-44.6
148.4
-51.8
-58.6
-67.3
-58.1
139.7
-90.5
60.1
54.1
-73.3
-59.6
-65.4
94.4
-70.8
-52.1
-71.4
-70.6
-81.5
-68.6
-51.3
-67.5
-55.0
-69.7
-65.9
-50.2
-80.5
-66.8
63.0
42.6
46.6
-49.6
-103.2
-55.0
-64.3
-66.1
-151.3
-34.0
-62.9
-71.5
-55.2
-67.8
139.5
-34.1
149.5
-37.0
-53.9
-58.7
-176.7
-59.7
-58.1
-158.5
-84.6
-54.2
-58.2
-52.3
-53.6
-59.4
-68.7
-60.7
-62.4
-62.5
-164.5
-70.2
-83.3
144.4
-77.4
144.3
-57.2
62.7
103.7
-60.5
-65.3
104.8
-137.2
-56.5
131.6
62.6
49.4
-66.4
-74.7
-71.6
-57.1
-58.5
-57.7
-76.8
-35.6
-50.8
-62.3
-72.5
-51.4
-51.4
-53.7
132.8
-77.9
-84.9
143.4
-58.1
-63.1
-57.4
-39.8
-87.7
-55.5
-61.9
-60.3
-76.9
-96.6
172.8
-63.2
-91.4
-66.5
-75.0
-59.9
60.4
-86.4
-59.1
-39.0
84.1
-75.6
114.2
-63.4
-56.2
-58.5
-78.1
-63.1
-64.7
-68.8
-55.0
-52.0
-52.1
-72.0
106.8
-51.4
-102.0
161.2
157.1
-62.3
-52.1
-50.3
-52.4
164.8
-52.9
150.5
-53.9
-52.0
-66.4
179.4
-51.9
-58.8
-56.5
-63.0
-61.6
-109.0
173.9
-117.8
165.2
-60.9
67.6
-57.7
-66.4
-62.8
-51.2
-68.5
-48.4
-67.0
-170.4
-69.5
62.5
139.2
-167.2
-52.7
167.1
60.7
178.9
-45.9
-55.4
-68.1
59.5
-72.6
-66.2
-65.4
-66.8
173.5
-55.4
-67.2
-65.9
145.1
-59.1
61.1
-66.0
-64.8
-64.9
-65.0
178.8
-66.3
-59.5
-65.6
-61.5
-66.1
175.0
-105.2
-80.8
-70.2
13.8
-105.8
137.3
-45.6
-75.1
-45.8
-102.1
-67.2
-61.0
-76.3
-61.1
-50.5
162.3
-87.9
-139.7
-126.7
-47.7
-52.1
-66.9
-80.1
-78.3
-71.0
164.3
-61.1
-90.9
48.8
-61.2
140.9
-70.0
-127.4
-87.3
138.9
-45.1
-41.8
-77.4
160.8
-129.0
-61.4
-53.3
-60.4
-179.0
 5.3
-141.5
-54.8
115.4
-47.5
-63.1
-57.2
70.1
-85.6
155.2
-89.9
-158.1
-88.2
153.7
-50.1
-65.2
-46.7
-57.2
-67.2
-60.3
-71.2
178.8
-60.5
-51.8
162.1
-68.0
-57.4
-60.0
148.2
-55.3
-58.8
-50.7
-69.5
178.8
-60.5
-51.8
162.1
-68.0
-57.4
-60.0
148.2
-55.3
-58.8
-50.7
-69.5
-94.7
-131.7
-74.0
-76.7
-72.5
-65.4
-52.4
-84.1
-99.0
-154.1
-78.7
-61.3
-153.5
-66.2
-83.5
-104.3
-104.7
-74.4
109.7
-87.4
106.8
-61.1
-62.1
-85.3
-62.4
-63.4
-59.9
-71.8
-63.3
-61.1
-45.9
-63.7
-65.0
-92.1
-100.6
-68.0
-84.0
-70.9
-55.0
-61.2
-55.6
-170.9
-142.7
78.6
-140.2
-84.3
-52.6
-79.1
-74.5
-67.0
-86.5
-83.1
-56.7
66.4
14.6
15.5
-58.4
-66.7
-73.1
-69.0
-81.1
-26.1
-175.1
-58.7
-51.7
-46.6
-39.4
124.9
-108.0
42.6
-61.9
-107.4
-65.1
-66.4
-69.4
-83.9
122.1
-80.1
-63.4
88.1
-79.2
-87.6
-66.6
-68.4
-67.0
-63.7
-63.1
-62.1
-88.0
-76.4
39.0
163.5
-56.0
-73.8
132.2
-145.9
176.2
67.2
-67.1
-67.9
-59.4
-75.4
47.2
-61.6
-64.5
-60.9
-73.5
-64.2
-65.0
-64.2
52.7
-61.2
-55.2
158.5
-60.7
-44.8
-46.8
-59.3
-56.8
-62.9
-67.1
-58.8
-171.9
-68.7
-67.5
-68.5
-62.5
-68.0
-60.8
92.3
-51.4
-65.8
-70.7
-67.8
-58.8
-64.0
-69.5
-63.9
-59.1
50.8
-63.8
-60.3
-79.3
-65.9
-42.4
-158.9
-98.9
91.1
-49.4
-58.3
-177.0
-50.5
-73.4
-64.8
-55.9
-63.9
-67.2
-54.7
80.8
-59.8
-59.2
-66.5
-52.6
105.2
92.7
-161.2
-43.4
-52.4
-71.2
-64.6
-55.2
-56.6
-56.1
-58.1
-57.4
-64.0
-63.3
110.9
-67.2
-85.1
-73.0
-68.2
-61.4
65.6
-66.2
-61.1
-61.5
-71.8
51.7
82.9
72.4
-62.0
-49.5
-51.8
160.9
-45.2
-69.3
-67.1
87.8
-76.5
-52.3
-50.5
-55.5
-61.9
-54.5
-67.6
-66.1
-66.0
-68.0
-72.4
-120.7
24.9
45.8
142.4
-51.8
-64.3
-55.1
-53.8
-60.1
144.3
-53.7
-62.0
-56.3
-68.8
-84.3
-44.1
-82.1
112.8
-51.8
-61.5
-55.8
116.1
-56.9
-54.7
-61.6
-51.4
-63.2
-61.5
171.3
-66.0
-49.4
146.6
-49.7
-71.6
-47.0
-53.3
-60.0
-57.4
-72.6
-57.2
-70.8
-66.1
-62.3
71.3
-70.7
-55.2
-57.5
-58.6
-53.4
-59.9
-67.8
-55.6
-61.1
-57.8
-56.9
-67.0
-72.2
-65.1
-53.9
152.4
-54.4
-43.5
-173.0
164.5
-63.2
-58.2
-59.2
-52.6
-61.2
-167.8
72.1
-97.5
-61.9
-73.4
-50.0
-57.3
-62.0
-73.3
-54.3
152.9
-44.3
-49.1
-62.5
177.8
-58.1
-42.9
-78.2
-64.8
-65.9
-59.9
-45.2
156.4
-52.8
41.7
-72.2
-31.9
-111.8
-72.5
-68.1
-61.0
-57.3
-59.0
-58.7
176.5
-71.6
-58.8
143.2
-55.4
-48.3
165.1
54.6
-79.0
95.0
95.8
-63.5
-59.1
-59.9
-62.2
-60.3
-62.5
167.5
-67.2
-60.9
-66.3
-62.5
-68.2
-64.7
-56.9
-43.2
-62.5
-75.6
113.7
101.8
-68.6
-67.5
-74.2
-71.3
-62.0
-69.6
-52.5
-64.6
-66.6
-69.1
-57.2
172.1
-103.1
154.6
110.6
19.8
-57.0
-50.6
-62.0
-60.1
-72.5
-67.6
-60.9
-59.1
-58.3
-67.9
172.2
-57.1
-68.6
-66.6
-71.1
-63.5
-57.7
-75.5
95.2
-62.7
-63.5
-70.2
-58.3
-72.7
-66.9
-28.7
-52.1
139.0
-41.1
70.5
-60.3
-76.0
-63.1
151.2
-46.6
-63.7
166.0
-40.6
-63.6
-152.0
-58.7
-71.0
-70.9
-76.3
-62.8
-65.1
-74.8
-64.5
-71.4
-75.8
-68.3
-50.3
-66.6
-70.3
160.8
-52.3
-54.6
156.6
-52.5
-70.5
-72.1
-72.6
-60.7
-57.9
-71.9
-64.3
-69.3
152.8
-69.3
-72.8
-74.3
-43.0
-66.9
-75.7
-140.5
-76.6
-60.0
-68.3
-69.5
-51.3
58.9
-66.4
-103.6
-77.3
-60.1
-70.3
156.2
-72.4
-64.5
90.4
-80.2
-87.1
-63.6
-64.8
176.1
-41.2
-67.5
-70.5
-66.8
-68.1
-70.1
-70.1
-54.1
-85.5
159.5
-65.8
165.5
-69.7
-70.0
-63.1
-71.8
-56.6
-63.1
118.6
73.8
-68.6
-74.3
-63.1
-79.0
-157.9
-50.9
-62.1
-55.9
-63.7
-178.3
-70.5
-78.6
-56.3
-62.8
-60.4
-73.3
-55.6
-51.7
-68.7
-55.0
-67.9
72.7
42.8
51.8
-76.3
-62.8
-63.8
-63.5
-62.3
-67.6
-82.0
-64.0
-58.8
-59.2
-62.7
-64.5
-69.8
-67.9
-70.6
-58.8
-75.7
-61.9
-64.1
-62.9
-171.5
-68.4
-62.8
142.3
-76.1
-66.7
-64.1
-64.2
-70.6
-49.4
-56.0
-79.4
-61.9
-61.5
-66.5
-66.1
55.3
-84.7
77.4
-62.7
173.4
-57.4
-56.1
-55.8
-66.5
-66.8
-65.8
-67.2
-59.0
-78.8
-72.9
60.3
-160.2
-58.5
-53.0
-65.0
-63.8
120.6
-70.0
-59.1
-68.1
-76.5
-64.5
-65.0
147.2
-60.1
-63.8
-59.5
-74.6
114.1
-126.3
-65.4
-66.0
-65.3
-63.0
-65.3
-57.7
-60.3
175.7
98.2
160.3
-63.6
-69.7
47.3
-73.5
-56.3
-61.8
-50.0
-61.3
-47.0
-64.0
-51.7
-63.0
-61.1
-60.1
-51.3
-59.5
-58.4
-59.8
-65.1
-71.6
-60.5
151.8
-63.3
-73.3
105.2
76.1
-80.7
-70.0
-62.0
-57.8
-61.1
-78.0
144.0
-71.0
-70.3
145.5
-68.1
-53.9
-69.5
-72.6
-68.1
-56.3
-65.8
-64.6
-69.3
60.1
-49.8
-62.1
-57.8
-67.8
-65.3
-68.2
-60.8
-72.0
-64.6
-61.2
-59.5
58.0
-54.6
-65.6
-63.8
-59.8
-62.4
-61.6
-73.9
36.6
-32.7
-75.8
-70.7
-62.4
-167.4
133.8
-61.3
-66.1
-63.9
-71.1
-84.9
-65.4
-169.1
-149.1
-120.5
174.8
-59.5
-63.5
-61.8
-62.0
-58.3
-56.4
-55.6
-60.6
-63.1
-67.3
-67.3
-69.2
161.3
-62.8
-63.7
134.0
-54.3
-62.4
-60.6
-59.1
-60.6
-63.8
-67.5
-48.0
-43.9
-55.8
-63.3
-64.8
-70.6
-70.1
-68.1
-138.8
-70.8
94.3
72.2
-69.3
-67.5
174.6
34.8
-59.3
-58.7
-58.7
-60.5
153.7
-68.5
-69.9
145.7
-67.2
-60.5
-57.7
-55.8
-60.8
-67.7
-66.1
-59.1
-64.6
-59.8
-55.2
-62.0
-68.3
-68.0
-60.3
-61.5
-58.8
-53.3
153.4
-37.6
-43.0
-51.9
154.2
-58.3
-57.8
-123.7
-56.3
-58.4
-54.4
121.2
-42.5
175.1
-52.7
-104.2
-67.1
-65.9
-68.2
62.5
-57.3
-56.8
-57.0
-60.4
-62.3
-60.0
-62.4
-51.1
-56.9
-108.8
156.8
-71.8
-84.7
-61.7
-65.1
-47.8
-75.8
-77.5
-48.5
-82.8
-87.7
-51.1
-71.7
-171.1
87.5
-64.5
-60.9
-62.5
157.4
-74.3
91.4
-75.5
-69.4
39.8
-63.1
-62.2
-70.0
-132.4
-52.0
146.9
-59.8
-66.0
51.6
79.1
68.8
-83.5
-64.2
-85.3
-35.8
-73.0
-86.2
-64.3
-78.0
-64.6
-67.7
-64.2
-179.0
-66.1
-65.6
-49.1
163.2
-74.2
-71.4
-62.9
-77.8
-69.2
114.1
-70.8
-75.3
-69.7
-3.0
-60.2
68.6
-67.8
98.9
-69.7
-58.7
-54.1
-99.9
-86.4
-77.7
-73.6
-78.5
-47.2
141.1
-89.8
-82.4
134.8
-51.5
-76.0
-64.7
-73.0
163.3
-87.0
-63.5
-59.5
-83.7
-87.1
-56.1
-78.3
-64.5
152.8
-37.9
-68.8
-35.9
-72.1
-71.8
-61.9
-46.9
39.5
-65.4
-56.7
158.8
-56.1
-40.2
-30.7
-62.1
-68.3
-71.8
-71.2
-69.4
-178.2
-65.3
-71.7
-73.0
-51.7
-68.5
-67.8
83.2
-55.5
-76.0
-78.2
-79.8
-71.0
-69.2
-71.6
-63.0
-64.2
46.6
-55.1
-56.6
-81.8
-69.7
-46.3
-161.0
-88.9
91.6
-60.9
-59.8
-178.2
-62.4
-76.3
-65.6
-58.4
-63.9
-74.8
-57.5
-179.5
-54.4
-75.4
-63.1
-65.0
-43.6
166.6
-51.2
-146.9
-69.9
-62.3
-60.3
-60.2
-55.9
-53.4
-154.6
-57.6
72.7
64.8
-52.0
-67.0
-76.7
-132.5
-92.7
168.6
-65.0
58.4
61.2
-72.9
72.2
-69.6
-63.0
65.8
142.7
-72.8
-54.7
165.4
-65.7
-62.7
-65.3
-61.9
-62.6
-65.9
-61.4
-178.5
157.8
-38.4
151.7
-51.8
-64.6
-55.5
-61.1
-46.2
-86.5
-71.0
-59.2
-56.0
-47.7
28.7
-45.5
-23.6
-32.5
-54.6
-61.4
-54.6
-92.3
-68.9
-59.0
165.8
87.9
-59.3
-60.4
-64.1
-65.1
-78.4
-58.6
-59.0
-59.8
-73.4
77.8
-59.7
-71.6
-44.8
-64.0
-65.0
-55.7
60.1
-83.7
-45.6
-59.7
-49.3
-85.9
-79.0
-178.4
-72.5
-39.3
-81.5
58.5
-137.4
34.7
-114.5
-100.9
65.1
-144.6
92.2
70.5
-81.2
-61.0
42.0
-20.0
-40.6
-102.4
-67.8
89.1
-136.5
37.5
-48.3
-57.2
-40.1
-87.5
-34.9
-50.2
-151.3
-147.5
-63.0
-60.5
-96.0
-55.3
-73.6
-53.8
-77.1
-77.5
-67.1
-72.4
-67.5
-139.0
-44.2
-71.7
-59.5
-99.1
-25.4
95.5
167.7
123.8
116.5
-96.3
-71.9
-69.1
-46.5
-73.1
-37.6
-70.1
-54.4
-50.8
60.6
-65.5
127.9
-103.1
-60.3
-92.6
-44.3
-68.1
-63.3
-61.2
-64.6
90.3
79.3
53.0
-82.7
-9.2
-56.1
-16.4
-100.3
-60.1
-69.1
-69.4
-16.2
-63.2
-61.1
-62.4
-64.1
-72.9
178.3
-34.0
-67.9
-72.4
-64.9
-65.8
-64.7
-27.0
65.2
-66.7
-71.0
-70.9
-70.5
143.7
-64.4
-55.4
159.1
-78.3
-70.8
-175.1
-70.3
-64.0
-77.4
-71.4
-70.0
-71.9
-61.3
-68.8
-66.8
-65.6
-64.7
-65.3
-81.1
-62.6
65.2
-66.7
-71.0
-70.9
-70.4
143.7
-64.4
-55.4
159.1
-78.3
-70.8
-175.1
-70.3
-64.0
-77.4
-71.4
-70.0
-71.9
-61.3
-68.8
-66.8
-65.6
-64.7
-65.3
-81.0
-62.6
-105.8
-105.6
161.4
-47.8
-34.1
-49.4
138.2
-41.5
-100.2
-59.1
-46.8
-81.8
-179.5
-57.8
-67.3
-53.8
-72.7
-49.8
-60.9
-179.6
-60.7
87.8
-86.3
-144.2
-64.3
-66.0
-68.5
75.9
-76.8
70.2
67.8
-79.0
-79.8
-61.1
-79.9
-72.5
-35.5
-109.1
-74.4
-85.4
-47.6
-60.6
-56.2
-142.7
-60.4
119.5
-41.8
-26.1
-6.2
120.2
86.2
166.7
18.2
13.6
10.9
-58.1
-65.7
-51.3
-63.8
147.0
-146.4
-57.8
-60.5
-43.4
147.1
-48.1
-57.6
130.9
113.9
-45.5
-54.6
68.4
88.7
115.6
-76.5
-77.8
-84.5
-56.4
-82.6
-60.5
-55.4
-95.0
150.1
-66.0
-74.6
-63.0
-67.0
-58.0
-85.1
-77.7
-72.4
-75.1
-59.2
-70.0
-73.0
-65.7
-178.5
-21.7
-49.9
-168.4
-75.8
-43.7
151.5
-63.2
-81.2
88.9
-171.6
-83.7
174.5
-170.9
125.4
-47.4
-53.1
-171.6
-63.7
-67.3
152.7
-75.0
-65.8
162.8
-62.8
-62.2
155.5
-55.8
-61.9
-179.9
-72.7
-59.9
178.5
-1.4
159.7
-110.9
81.9
-70.7
-68.9
-85.5
-64.8
-84.2
-82.5
-67.5
-68.7
-75.4
-96.7
105.3
-141.9
85.6
-73.8
-47.8
145.0
-63.3
-57.9
-75.5
-70.1
-61.6
122.4
-77.9
-38.1
-3.6
-176.6
33.3
-146.7
-93.0
-66.0
-63.2
170.3
57.2
-73.7
71.1
-62.3
-41.0
-52.7
-67.2
-46.6
-99.4
-66.3
146.9
-69.2
-66.4
-62.5
-65.2
-42.6
130.7
150.0
-104.5
-69.0
141.0
-57.5
-165.2
-47.6
-49.7
74.2
154.8
130.5
-75.2
-61.1
-52.7
103.1
-56.1
157.8
-49.8
-66.1
177.4
-74.6
-71.2
-22.3
47.2
-73.1
-62.2
-60.7
-65.9
-60.3
-73.2
-65.9
-59.2
-62.5
-65.5
-66.1
-61.1
-77.4
-64.0
-69.3
47.2
-73.1
-62.3
-60.6
-65.9
-60.3
-73.2
-65.9
-59.1
-62.5
-65.4
-66.2
-61.1
-77.4
-63.9
-69.3
-147.3
-67.6
-78.5
-64.5
-61.7
-66.4
-65.0
-63.3
-56.9
-73.4
147.3
-62.2
-71.3
-64.3
-58.5
-66.1
65.0
-82.1
-68.4
-62.0
-59.3
-60.7
-58.9
148.1
-50.6
-56.3
71.3
-69.9
-58.1
76.1
-68.6
-71.6
-83.2
-74.7
-65.8
-67.2
-66.7
-70.8
-65.5
-65.6
-59.8
-57.1
-146.1
-58.4
-140.5
67.1
-91.9
-64.0
-65.1
-37.5
-145.5
-84.5
-69.4
-60.5
-62.1
146.4
-61.6
-62.1
144.7
-51.7
-62.5
-52.7
56.2
-69.4
-65.5
-63.9
-71.9
-55.6
-62.0
-61.0
-62.2
-56.4
-55.6
-69.6
-63.3
-69.7
-51.5
-69.1
53.4
-74.8
-74.8
-58.2
-65.7
-59.4
-69.1
-58.9
-148.6
-77.3
-58.1
-43.9
-59.7
-61.1
-56.7
-54.3
-64.9
55.7
-62.1
123.9
-67.5
-64.6
-73.4
67.4
-85.7
-58.3
-67.2
-71.9
-48.8
-68.5
-71.1
-75.2
-68.2
55.7
-59.5
-69.6
-69.7
-55.7
-60.6
59.2
-61.7
-42.9
-113.6
-72.5
-64.7
-62.1
-69.8
-72.8
-62.6
162.1
-96.9
-61.7
143.6
-69.0
-61.7
177.9
-68.2
-64.5
147.1
-64.3
-65.6
-76.0
-178.4
-69.8
-65.7
145.8
-70.1
-51.7
-76.3
-75.9
-77.0
-72.2
177.8
-58.4
-70.6
-67.6
-51.8
-61.0
-58.2
-179.5
-66.8
-72.6
-54.0
-48.5
-69.2
-58.5
-62.6
-159.0
73.7
-57.8
-68.8
-43.2
72.4
-61.1
-56.6
-69.5
-50.2
-152.3
-41.9
-68.6
-57.3
-68.4
111.6
-76.3
-62.8
-61.1
131.4
-53.7
-61.3
-60.3
-68.9
-69.0
-60.1
174.7
-72.3
-64.5
57.1
-60.5
-62.7
56.1
-79.7
-48.8
142.8
-62.9
-59.1
-104.6
-67.8
-52.7
-153.4
-62.4
-128.3
-73.6
75.5
109.6
-59.6
-64.5
-64.9
-66.6
-56.5
-56.5
-65.7
72.9
-49.4
-55.0
-74.6
-61.6
-77.4
-51.9
-58.0
-62.4
-149.5
-65.9
122.3
-69.4
-68.5
-56.5
-61.5
-73.2
-72.6
-64.6
-73.6
164.3
-62.4
-64.3
-69.4
-69.4
-59.3
115.2
109.7
-78.0
-65.0
-73.9
-77.4
-66.3
-61.5
-68.6
-129.8
-2.1
50.8
139.0
-74.5
-67.6
-137.2
172.0
-70.1
-73.6
148.5
-76.9
-64.9
-67.3
-65.7
-72.1
111.5
-58.0
-57.8
62.6
165.2
145.6
-61.1
-73.1
-65.3
-61.4
-61.8
-50.9
-69.4
-70.6
158.5
-71.0
-65.9
-62.1
-59.3
-61.3
-60.6
55.3
-67.2
-157.7
163.4
-50.9
-55.0
-56.0
-48.7
-85.6
-67.9
-65.0
-63.6
-62.9
-65.5
74.1
-55.4
-61.3
143.9
-60.8
-67.5
-63.9
-65.8
-179.3
148.1
-60.4
-57.2
-59.3
70.8
49.3
-59.9
-65.7
-72.8
146.7
-61.4
-59.7
157.0
-60.8
-60.6
-58.2
165.2
-57.2
-61.8
-60.7
-62.5
-159.0
-63.2
-60.7
-63.1
-57.5
-85.6
42.7
-89.1
74.1
178.8
-79.8
-63.8
-71.9
-66.4
-62.9
-62.0
-89.7
-46.9
-55.6
152.7
-78.8
-57.5
-113.1
-59.1
-58.5
-71.5
-65.9
-62.4
-64.4
-62.5
-59.6
-70.3
-57.4
-59.7
-61.0
-87.9
-135.5
-70.3
-39.1
58.1
-37.1
-71.5
54.4
-43.6
-66.2
-63.8
-76.6
-67.8
-65.6
-179.8
-84.4
-53.0
145.2
-64.2
-68.5
-59.3
-55.7
-58.7
-97.3
-64.6
-70.9
-75.2
-56.2
-65.7
-65.3
-62.2
-60.1
-56.5
-55.7
-57.9
-70.6
-64.8
-64.7
-69.2
-68.2
140.9
-68.0
-98.4
-56.3
-79.6
-55.8
-57.1
-54.3
-60.0
-68.6
-73.9
-58.2
-64.5
-50.5
-69.2
-97.2
-66.9
-60.0
-66.5
-58.3
-69.3
-70.5
-56.4
-82.3
-160.7
-67.5
-60.8
-63.7
-57.9
-88.7
43.5
-91.5
75.6
179.8
-77.5
-61.3
-70.7
-66.4
-64.0
-62.7
-92.4
-45.7
-56.2
155.3
-77.7
-57.3
-112.1
-59.4
-58.8
-75.4
-66.9
-65.2
-63.4
-65.1
-56.9
-69.4
-56.8
-62.6
-61.5
-87.5
-133.2
-68.8
-36.4
47.6
78.1
-77.2
-56.7
-46.8
-63.8
-63.3
-77.3
-66.0
-68.1
-179.2
-82.5
-50.8
148.5
-60.5
-70.6
-59.3
-53.4
-57.4
-95.1
-63.6
-71.3
-77.3
-58.0
-65.4
-58.9
-63.5
-59.9
-55.1
-55.0
-58.8
-70.4
-66.8
-65.7
-70.1
-68.7
139.5
-70.9
-100.8
-57.9
-77.5
-56.9
-57.4
-55.8
-58.2
-68.4
-70.7
-61.2
-59.8
-49.7
-69.3
43.3
-67.8
-59.8
-67.0
-55.1
-68.1
-69.9
-54.0
-81.4
-169.2
164.2
-75.8
-71.5
-72.2
-72.3
30.4
-77.1
176.7
-70.3
161.6
-73.3
99.1
64.1
-69.7
-71.4
-84.2
-71.7
158.0
-68.3
-62.5
-71.0
152.6
47.9
70.8
-70.2
-71.8
-67.9
-67.5
-72.1
153.0
-77.8
-70.1
-99.8
-73.4
-141.9
-72.5
-73.9
-71.8
-137.8
148.0
-69.4
-58.2
-69.6
-71.7
-74.7
-71.8
-70.3
-72.6
132.6
-71.8
-68.5
-64.1
-73.3
-71.5
-73.4
-71.9
143.4
104.5
-178.3
57.8
66.1
-84.7
-147.1
-74.8
-71.3
-72.2
-71.7
166.0
-70.7
-125.8
-69.7
-70.9
-72.7
-72.8
-66.6
-72.0
-70.7
157.4
-73.2
-89.3
-77.7
-34.8
-44.2
113.9
89.2
-143.8
-167.9
-72.8
-65.2
-71.8
-89.2
-71.8
140.9
-71.1
160.3
-66.6
41.7
-67.6
-72.9
-77.8
-102.2
49.4
-77.6
-85.6
135.8
-56.8
-75.8
-76.7
133.6
-91.1
-65.9
-58.4
156.2
81.0
153.9
-56.9
-76.3
-67.0
-58.9
-63.6
-68.8
-61.5
-72.1
176.8
-64.3
90.3
-81.4
-79.3
-75.0
-85.5
172.9
-79.3
-56.2
-63.2
-58.7
160.8
157.6
-123.2
170.5
165.4
-70.1
-79.5
-45.3
-76.6
-63.2
-65.7
-66.5
-65.7
-61.2
-68.1
173.2
-76.9
-78.0
-68.5
-70.0
-65.0
160.1
-130.7
131.0
47.1
-71.6
-41.1
-132.1
98.8
-90.2
-74.3
-67.9
-54.9
-62.4
-50.2
-65.6
-63.1
-86.0
171.6
-69.6
-48.1
-106.4
179.3
43.0
-60.1
-49.6
176.5
-67.5
-69.6
-61.0
176.4
-67.7
154.3
-87.2
-74.9
-67.0
-70.4
-60.1
-58.6
162.6
-70.4
-79.9
167.9
136.7
-61.2
-70.0
-76.8
-64.8
171.1
-22.5
-142.9
-73.4
-60.4
-57.3
-45.7
-79.1
134.0
-65.7
-63.8
-64.5
-67.6
-61.6
169.9
-73.1
-40.4
-59.3
-166.6
-60.5
-63.1
-70.9
144.4
-59.9
-75.7
-66.9
176.0
-62.8
128.7
-79.8
-68.8
-162.3
-75.6
-75.0
-72.7
-75.2
-74.7
-83.5
-77.2
-47.0
-89.7
-156.9
-65.6
-72.4
-59.5
-60.3
150.6
-60.7
-176.8
-62.9
-64.3
-95.1
-64.3
-60.8
-63.0
-60.7
-70.7
-155.8
-58.3
-46.9
69.9
179.8
-92.4
74.2
41.8
-75.7
167.3
-25.8
-178.7
-155.1
-68.1
145.1
-71.8
-62.4
-86.4
-70.7
-61.0
56.7
-64.3
-80.9
-141.3
-70.2
-96.9
-73.3
158.6
-73.5
-74.4
-47.7
-64.9
68.3
-165.6
-78.4
-62.0
-68.3
156.3
-74.1
-85.1
-94.7
-69.0
-77.2
-59.4
-158.2
-70.9
-49.5
-62.3
56.5
60.9
-72.8
-74.3
-48.6
-61.0
-49.5
-137.3
-64.0
-50.6
-31.7
-78.1
84.7
-68.0
-62.5
-158.2
-70.9
-49.5
-62.3
56.5
60.9
-72.9
-74.3
-48.6
-61.0
-49.5
-137.3
-63.9
-50.5
-31.7
-78.1
84.6
-68.0
-62.5
21.9
-78.9
-90.5
165.6
-62.1
-9.4
76.5
-76.8
-72.4
-80.2
-85.0
136.6
-126.9
-45.8
-75.3
-46.4
-55.8
-71.5
-9.9
-78.6
-78.7
-78.7
-102.3
-134.0
-68.4
-71.3
-60.0
-84.0
-79.7
-66.6
-52.2
-79.3
-78.6
-73.6
-170.1
-73.2
-72.8
-67.0
-67.9
-62.8
-57.6
-66.1
142.8
-62.6
163.8
-62.8
45.5
75.5
-64.5
-66.5
-75.2
-67.1
-63.1
-62.5
-82.5
-70.6
-59.6
-67.2
-65.8
179.0
-93.8
-72.1
-69.0
-73.4
-67.6
-70.9
-69.7
-68.3
-80.3
-73.3
-67.9
-63.7
-61.8
-73.4
51.3
-85.9
-65.9
153.4
-75.9
-66.0
-68.9
-67.6
119.3
-61.8
-66.9
-85.2
175.6
-62.0
-65.1
-62.2
-60.5
-62.6
-70.9
-143.4
-75.1
-72.8
-75.2
-66.1
-107.3
-59.8
-68.6
-66.3
-67.5
-67.6
-62.9
-110.1
99.8
-65.3
-68.3
-63.1
-59.9
141.5
-78.3
-164.7
75.1
115.3
-65.1
-61.4
-64.5
-69.9
-65.1
-68.7
-68.2
-69.2
-61.6
-71.6
-64.5
-89.7
165.2
-72.0
-66.3
-71.2
-72.3
-68.8
-67.5
-64.7
-70.7
-63.7
-69.1
-67.5
-66.3
-61.1
-68.0
-95.5
122.8
-72.9
-70.6
85.4
-67.4
-65.6
-69.7
-68.8
-70.2
-61.5
-66.8
-92.4
-74.8
-69.6
-77.5
170.7
-62.7
-135.9
-54.5
-64.1
-66.3
-61.9
-58.8
-66.6
-67.7
-68.8
-67.8
99.5
-64.6
-65.1
-63.9
-65.0
-63.9
-67.2
-65.1
-69.8
-66.9
-71.4
-67.8
-79.7
-73.9
164.9
-151.4
-64.8
-68.9
-69.2
-73.2
-67.2
-76.9
-66.8
-59.1
-57.5
12.2
99.9
-60.5
-62.8
-63.8
-86.9
-64.8
141.8
-65.4
-62.0
-69.7
55.0
-71.6
-59.5
-76.3
-58.8
-59.2
-67.8
-65.7
-60.9
-63.9
-63.9
-42.7
60.2
-77.3
-49.7
-62.3
111.0
-66.7
-56.2
-57.8
-56.7
-64.9
-51.5
-64.8
152.7
-61.0
-71.4
-62.8
-60.7
-59.3
-59.7
-57.1
176.2
-61.0
-60.9
-59.8
-171.7
-75.1
-69.1
-66.8
-78.4
-66.4
-65.9
86.4
-60.1
-55.3
-53.6
133.6
-60.0
-23.6
71.2
-60.7
-66.1
-57.7
-80.4
170.8
-64.8
-47.9
-79.5
-78.1
-67.0
-56.1
-68.0
-53.7
-63.7
54.8
88.8
-75.4
-96.2
-67.3
-61.8
-60.3
-68.2
-66.1
-62.1
151.8
-60.9
-62.4
-68.4
-73.3
-52.7
67.2
68.7
-153.3
-41.6
167.5
-74.1
-49.8
-80.0
150.0
-70.9
-74.3
-71.3
83.4
-63.2
-55.7
-65.9
-62.1
-71.8
-62.8
-70.1
158.4
-54.6
-63.4
-85.2
82.1
-70.2
-59.0
-57.6
-75.6
-53.1
-174.4
-68.4
132.8
-65.0
-67.6
155.8
59.0
-132.2
-59.4
-75.6
-60.9
-69.2
-58.8
-55.6
-75.4
-64.2
-68.6
-60.2
-175.5
-65.5
-60.9
-52.5
-75.3
-67.2
-60.1
-57.5
137.0
-62.5
-61.5
-67.6
-44.9
117.7
-49.6
-61.7
-65.0
-57.0
158.3
-82.0
-70.8
-62.3
-68.8
-71.1
-13.1
-60.8
-91.1
-51.7
-43.1
-107.1
147.1
-64.2
 0.3
-67.0
-83.2
-59.9
-128.4
-66.4
-64.9
-62.2
-69.7
160.2
-71.6
-56.2
150.7
-59.8
-88.5
-64.3
-112.0
-56.6
-51.9
-77.2
57.2
-66.0
-55.0
-58.6
-67.8
-66.7
-59.3
-67.9
-62.2
-68.8
-64.2
-61.5
-62.1
-60.0
-55.7
-63.8
57.2
-65.9
-55.0
-58.6
-67.8
-66.7
-59.3
-67.9
-62.2
-68.8
-64.1
-61.5
-62.1
-60.0
-55.7
-63.9
139.6
-54.2
-58.0
-67.1
170.1
-176.0
-78.7
-70.2
-59.8
-60.7
-56.9
-57.6
-61.7
-80.2
-63.4
-50.5
-54.3
-77.0
106.4
-72.8
-60.4
-84.9
-68.2
-64.5
-65.9
-57.3
-64.3
-68.7
-83.0
-65.5
-63.8
167.8
-85.6
-71.1
-59.3
-45.1
-84.7
-63.2
-48.9
142.1
-48.9
-57.8
-53.1
-54.9
-46.3
-154.2
-86.1
-162.1
-51.3
65.4
-81.6
-138.3
-50.9
-133.8
-57.2
-62.4
-62.1
179.5
58.3
51.1
-70.6
-59.2
-43.3
-58.3
-62.3
-72.1
-58.6
-59.2
59.1
-74.2
137.6
-58.0
-59.7
-67.2
-60.5
-64.1
-63.9
-60.5
-58.0
47.6
-63.3
-63.6
-62.5
-58.6
-61.4
-71.3
-58.7
-62.8
-64.1
-62.3
111.1
-103.4
-61.4
-164.0
-66.1
-62.4
-65.6
-67.7
-70.4
51.6
-68.8
-65.7
-71.3
-62.4
-63.9
-66.9
-67.3
-68.9
-64.0
-52.8
51.0
-67.7
-66.7
-60.7
-54.0
-64.3
-59.3
-64.8
-70.7
-61.9
-75.0
-68.7
-63.0
-68.2
-55.8
-65.3
102.6
55.4
-69.4
-65.0
-66.0
-64.7
-65.6
51.5
-63.0
-66.9
-73.0
-66.2
-59.9
-57.7
-68.5
-70.6
-64.5
-74.6
-68.8
-65.9
-65.6
-53.0
-65.9
-65.2
-81.8
-71.3
-65.4
-78.3
-73.4
-74.3
126.6
151.1
-73.1
-68.8
-67.1
-53.0
-59.1
-74.4
-64.3
-66.2
-69.9
-69.4
179.6
-70.0
-67.0
-70.9
-58.3
-74.6
-60.6
-153.5
-69.3
-64.0
53.9
-68.4
-83.8
-66.5
-75.1
-83.8
-88.0
-58.7
-58.9
-51.8
-74.5
-78.5
-70.0
-63.5
-56.7
-140.2
-161.6
-87.8
54.6
-106.7
63.3
-83.1
-73.2
-62.7
-67.8
-63.0
-57.4
-77.6
-64.4
-84.8
-121.1
34.9
-71.7
-65.0
-65.7
-59.2
-33.8
-78.9
-52.3
57.9
-65.4
-61.0
-49.4
-67.8
-70.4
-166.3
-68.5
-63.2
-144.3
-76.2
-102.6
-84.3
-73.6
-72.3
-71.5
-106.5
-61.1
-75.0
-43.3
-26.0
-59.9
-64.1
-66.2
-52.7
-171.8
-179.4
-64.8
60.6
 0.2
-111.1
-76.5
-71.3
-53.4
162.8
 9.7
-125.5
-61.4
-56.1
-56.1
-147.3
-73.0
85.6
-55.3
-78.6
-69.8
-77.5
-74.1
94.6
-61.6
-67.3
-20.2
149.4
-57.9
-60.8
-67.3
-167.8
-86.9
85.0
121.8
109.3
120.9
-65.2
-68.6
-70.4
158.6
-57.2
171.2
-79.3
-132.8
-37.9
-53.7
111.5
-53.4
-57.4
-73.8
-69.7
-70.7
-69.2
-57.3
-64.0
-59.3
147.6
-65.0
-74.7
144.9
-55.4
-55.2
162.2
124.0
80.9
-30.1
-50.4
-65.1
-59.8
155.4
-117.9
-63.9
-49.7
-155.3
151.1
52.3
161.1
165.2
-69.5
160.1
-62.6
-63.4
-67.5
52.8
-90.6
-61.9
162.5
83.1
-101.4
-78.6
33.1
69.7
178.8
-85.4
-58.1
-45.3
-61.8
-60.6
-161.0
-122.7
158.1
-57.9
-77.6
-55.5
-72.7
-63.5
-104.0
-77.3
-69.6
-80.3
-177.3
-81.7
68.5
-137.2
-57.6
-71.1
-66.8
-73.6
139.2
-55.0
-62.8
-78.1
-122.7
-55.8
147.9
-108.1
-63.8
111.0
-100.8
-118.2
-63.1
-82.2
-35.4
-71.8
-78.1
-52.2
-71.8
-49.2
-61.7
-75.7
-74.9
-130.6
-57.3
-78.1
-82.7
-71.3
-106.2
-54.6
-68.7
-53.3
-35.9
-74.2
-70.2
-71.0
-92.1
-52.5
-78.1
157.1
-51.7
-65.1
140.4
-68.6
-57.0
-95.1
-65.9
-37.0
-166.1
-82.4
20.2
-40.7
137.7
-42.8
-55.9
-55.2
-89.5
116.1
-57.7
82.5
-81.5
-64.2
-79.7
-34.0
-33.5
-44.6
-42.5
-159.9
-112.3
-40.5
-42.2
-57.7
-80.9
139.7
-88.8
-60.8
-67.2
-63.4
-58.9
-66.6
-60.9
-66.5
-63.3
-56.0
-64.9
-163.4
-73.2
-60.1
68.3
-89.3
-68.4
-59.3
123.1
-61.5
-73.6
-58.2
-52.3
-84.8
-145.9
-89.7
90.5
-75.9
-50.7
-49.8
-51.9
120.9
-95.2
62.6
47.2
160.5
-69.1
-42.0
-62.2
-41.1
167.5
-45.7
-47.9
-64.9
-50.2
-59.0
-64.1
-28.6
-52.3
155.6
-82.4
-59.6
-63.2
-62.0
-68.8
-65.1
-52.0
-72.2
-61.1
-61.8
-74.2
-45.0
-63.5
-58.2
118.7
-37.0
164.3
-42.0
-51.6
-75.9
-59.1
-86.5
-51.0
171.6
-48.8
-54.2
146.9
-72.7
-50.6
-148.3
132.0
-80.5
-98.2
79.0
-56.7
-73.1
-54.3
-75.8
-82.6
-104.1
-66.0
-56.6
-64.4
172.3
-46.1
179.1
-49.7
-55.3
102.3
-55.4
-39.7
-63.0
-31.0
154.7
54.9
-50.7
-68.3
-62.6
-65.1
-76.4
-72.2
177.2
-53.8
-68.9
95.3
-70.1
-85.3
-46.8
-79.5
-59.3
-73.9
-60.8
-59.6
-49.2
-36.3
-48.1
-61.1
-58.6
-42.3
168.4
-52.7
-52.7
165.2
-54.6
97.2
-106.5
161.4
-83.1
-82.5
-67.4
-32.8
-66.4
164.9
-62.6
-63.1
-97.7
132.1
-62.0
-64.6
-62.4
-40.3
-69.8
-66.9
-56.2
55.1
66.3
-60.8
-63.1
138.4
-47.1
-16.9
-46.8
-65.4
-70.9
-77.3
74.2
-64.9
-111.2
-52.0
-62.6
-49.4
-84.1
-66.8
-51.3
-59.2
-60.4
136.4
-143.7
172.7
-55.4
-47.5
-69.1
-63.2
-66.1
-95.9
-120.9
-112.2
-65.3
-61.4
-174.1
-46.0
58.2
-60.3
-65.0
-62.0
-118.3
-49.9
129.0
-73.5
-63.1
-70.7
-69.0
48.9
-57.1
-69.1
-66.5
-116.1
-46.0
128.1
-72.5
-59.2
-76.5
-72.4
173.5
-68.4
-59.8
-64.9
-68.1
-56.7
-71.0
-56.3
-57.4
-58.6
-73.2
-70.9
-68.2
-55.8
91.8
62.0
-58.8
-64.1
-62.3
-65.1
-69.2
173.9
-64.9
-61.3
-62.1
-62.8
-69.5
-65.1
-54.7
-68.7
-75.7
-64.9
-60.0
-61.8
-64.6
163.6
81.1
-72.1
-60.1
-77.1
-62.4
-68.6
-162.8
-74.1
-63.2
-58.8
-53.1
144.9
-59.1
-61.1
-56.7
-57.5
136.0
-73.8
-77.9
-72.2
-55.3
-64.5
168.8
161.7
-84.2
85.8
-73.3
-76.0
-47.8
147.4
129.7
-53.1
-88.2
-69.7
76.9
-63.0
-58.1
-64.7
-58.1
-65.3
-57.8
140.2
-70.0
-51.5
-73.5
-57.7
-56.7
-70.2
-60.9
-57.1
-61.8
-63.9
-65.4
131.4
-66.7
-72.2
-57.6
-100.6
176.9
-58.8
-61.2
-62.0
-60.9
-63.1
-76.2
-65.7
-71.2
-62.5
-73.4
-63.5
175.3
-64.2
-56.8
164.0
-44.6
-56.5
-62.6
-64.8
166.8
151.9
-63.3
-61.3
-66.5
-64.3
-63.5
-68.4
-44.5
-71.9
-62.9
-60.8
-55.7
149.4
-53.9
-54.9
-48.7
-47.1
117.7
-47.4
169.0
-60.0
-62.6
81.0
62.4
140.3
137.3
-142.6
179.3
-56.1
86.7
-46.0
-136.2
-59.3
-65.8
162.1
73.4
-55.2
-62.6
178.1
-71.2
-66.1
-59.6
-55.6
-56.2
-55.6
-57.7
-61.0
-61.4
-67.4
-67.1
-63.8
-70.8
-58.1
80.1
-67.6
-57.4
-60.1
-62.9
-56.6
-61.0
-56.4
-55.2
-60.5
-54.1
-57.7
-62.0
-133.6
31.0
-66.3
-59.5
-67.3
-36.7
82.4
-64.6
-66.7
-58.0
-58.1
-59.0
-55.0
-80.9
-59.5
-61.1
-60.4
-58.7
-61.0
-62.2
129.3
-55.6
-41.7
47.8
-59.6
-64.4
-76.2
-72.7
-57.0
-55.8
-80.5
95.2
-107.3
81.0
-86.5
-61.8
-61.7
-60.9
-58.1
-65.3
-57.8
-67.8
-62.2
-54.1
-64.1
159.0
103.4
-73.4
-59.2
-55.6
-64.2
-63.6
-33.4
-66.0
-74.6
-51.6
-79.4
-66.9
-61.8
-70.6
-62.0
167.3
-76.7
-70.1
-66.3
-67.1
-66.3
47.9
-59.6
-64.4
-76.2
-72.7
-57.0
-55.8
-80.5
95.1
-107.3
81.1
-86.5
-61.8
-61.7
-60.9
-58.1
-65.3
-57.8
-67.9
-62.2
-54.1
-64.1
159.0
103.5
-73.3
-59.2
-55.6
-64.2
-63.6
-33.4
-66.0
-74.6
-51.6
-79.4
-67.0
-61.8
-70.6
-62.0
167.3
-76.7
-70.1
-66.3
-67.1
-66.3
61.3
-50.8
-34.3
145.7
-61.7
-66.7
-59.9
-52.0
-50.6
-70.2
-63.2
-70.8
-57.6
-47.8
127.8
-45.7
-79.0
70.9
-78.6
-62.9
100.5
103.3
-55.7
-52.2
-66.9
-42.8
-69.4
-79.4
-56.2
-56.7
-61.6
-62.0
-69.3
-74.1
58.8
-75.6
-54.9
-99.0
-62.2
-49.2
-57.3
-110.2
-49.5
-61.0
-58.5
-63.2
-65.4
-76.1
-56.4
-53.7
-63.8
-62.5
-83.3
-69.5
-61.3
59.9
-72.7
-50.3
-64.0
135.5
-65.9
-77.7
-71.4
-68.1
-45.8
-73.4
-67.1
-54.0
-58.6
-67.0
-64.8
-87.8
-81.3
-73.8
-66.2
-60.8
-79.2
-62.4
-167.0
-59.8
-60.6
-71.0
-62.6
-54.4
-64.9
-44.9
-58.0
-160.3
-99.4
-48.3
-83.9
-68.4
-100.9
-64.3
-60.7
-55.0
-44.6
-68.2
-72.7
179.5
-88.8
86.8
-91.4
-89.0
-65.9
-96.3
172.1
-93.9
-74.5
57.6
48.6
-60.6
-88.9
-70.4
-66.6
164.9
-59.9
-56.5
-70.2
-67.4
-43.7
-96.9
-55.7
-104.3
158.0
-65.5
-71.0
-68.5
-71.3
-69.5
-75.7
-70.1
-62.2
148.6
64.3
-56.0
-80.2
170.3
-70.1
-70.4
-80.0
-66.3
-166.7
59.2
72.7
-54.5
-74.0
-73.2
-68.0
-70.0
-111.5
-71.5
-69.6
-64.6
-67.5
-72.4
-63.7
-70.0
-66.4
-67.6
-67.5
-117.0
96.3
-78.7
-62.4
118.8
-72.6
-65.8
-61.8
166.6
-86.1
132.6
-173.6
-25.3
-175.4
-48.6
-52.9
-49.0
-58.6
-160.1
-35.8
-77.0
-73.0
-160.6
63.9
-110.1
-77.6
-80.1
-57.2
-46.8
-66.0
-176.4
-70.0
95.0
-37.9
164.4
-44.4
-55.9
-61.5
-14.4
-73.6
-78.7
-163.8
-82.6
-82.8
148.4
-29.7
-42.3
145.1
-19.0
-58.1
153.7
-52.0
-67.2
-71.8
-74.2
-77.9
-62.9
-70.4
-135.8
28.3
-64.0
-55.9
-61.3
-77.9
-66.4
-42.0
125.6
-42.7
-61.7
104.0
-52.5
-91.1
108.4
-120.9
-58.2
-47.3
-49.2
126.6
86.7
81.7
-18.2
-42.0
-53.8
-60.4
-60.2
-84.3
-80.0
-40.8
-36.0
163.5
-41.4
-55.1
67.9
-72.5
-68.2
-123.1
-75.2
-84.6
-80.4
-86.9
-99.9
-71.0
-53.3
-39.2
-49.6
-46.2
173.0
-56.9
121.8
-42.7
-53.3
-60.8
-68.2
-62.0
-71.2
-56.6
-74.3
-82.1
-58.5
-157.0
-127.1
63.2
-65.1
65.3
-68.6
-54.5
-65.4
-57.9
-72.2
-76.1
-87.4
-69.4
-84.0
-51.5
63.9
150.1
-68.9
-55.4
-67.7
-64.1
-75.0
-71.5
-51.8
-63.5
-66.4
164.5
-77.8
-57.3
-105.0
141.5
 1.0
-51.6
-52.1
-61.9
-62.5
-37.9
154.6
-64.8
-42.0
-128.7
-77.3
-59.1
87.9
-76.2
73.2
-68.8
93.7
-63.3
171.3
-58.0
39.2
-37.7
-73.4
-100.2
-59.8
-98.7
-21.8
-64.5
-62.0
-80.0
146.1
-81.1
59.1
-60.7
-74.4
-67.6
-61.9
-67.0
-59.1
-69.5
-60.5
-64.7
-50.7
-46.3
168.5
168.7
-70.3
-98.0
160.2
-57.1
103.1
-85.9
132.8
58.2
-145.7
-124.9
-138.0
56.1
155.0
25.7
74.9
-159.6
-67.3
106.0
-172.2
-134.3
-99.8
-69.9
-73.5
-69.0
-53.6
-79.4
-69.0
-177.7
-75.1
-69.4
138.0
131.3
-50.0
60.8
135.8
-110.7
-76.7
-68.4
140.7
155.0
-59.8
-51.9
-57.7
-85.1
-60.7
-72.0
-56.4
-58.6
-71.6
-71.3
-98.3
-166.8
33.9
-65.5
-65.8
-93.5
-82.9
-90.8
41.1
-57.3
-53.1
-71.8
-67.3
-52.8
43.9
-65.8
50.3
-48.3
-41.5
-62.9
-59.6
-85.6
-53.7
167.2
-65.7
-60.5
71.5
-71.7
-82.0
-73.1
-81.5
-56.7
-41.4
-65.7
-62.7
-60.4
-59.2
-70.1
-78.2
-91.7
-72.0
-55.2
-79.9
-125.5
68.6
-60.5
-74.2
-69.4
-65.0
-58.0
-68.1
-63.2
-66.7
-70.2
-75.1
-69.7
-92.2
54.2
-62.1
-68.0
-60.0
-55.9
-71.1
-84.3
-61.4
-67.4
-76.8
-67.3
-77.6
55.8
56.9
-48.8
-47.7
-67.0
-67.9
-56.4
-51.4
-62.3
-69.5
-61.1
-62.9
-72.6
-53.4
-66.0
-54.3
-68.1
-30.7
28.0
-78.9
-64.7
-66.1
-71.4
-61.4
-59.5
-57.5
-64.1
-64.1
-63.1
-59.1
-72.3
-62.3
-67.3
-79.2
-58.1
64.9
-62.6
-59.3
-59.3
86.6
-7.5
158.8
-57.7
-48.1
-57.7
-65.3
-62.6
-65.2
55.3
-59.8
-54.5
-61.4
121.3
-146.8
-92.0
-66.2
-68.2
-61.0
-61.1
-52.2
-64.6
171.8
-66.9
-81.2
-75.3
-71.9
-63.0
-73.0
-67.0
-123.1
-59.8
-63.1
-67.2
-61.0
-77.2
-84.6
-76.4
-50.9
-75.1
-68.7
-151.6
-149.5
-68.6
-68.0
-68.3
-83.1
-68.7
-73.8
-56.3
-72.1
-71.3
-70.6
-82.0
-62.1
-62.4
-82.8
-70.3
-66.4
-48.2
-83.6
-66.5
146.2
-78.3
31.4
-171.0
-39.2
-59.1
-64.8
170.6
-50.9
58.5
143.5
-18.5
-72.0
-63.2
-70.6
-90.3
-73.7
-80.0
-20.4
-40.1
128.2
175.3
-36.5
-141.5
-45.0
-59.2
59.5
-78.7
-50.5
-96.2
-148.0
73.0
77.4
-98.7
-72.7
-62.9
-72.6
-75.4
-92.0
152.3
-53.9
-137.4
10.9
-43.5
-44.2
-55.7
162.9
-59.7
-66.0
-66.4
-57.6
-71.7
-74.8
-63.9
-67.3
-62.8
-62.6
-60.3
72.6
-54.5
-64.4
-68.2
-66.2
89.3
-92.9
53.9
-55.5
-62.1
-53.0
148.9
-68.8
-71.1
-63.9
-64.9
174.0
-62.0
-67.8
72.8
-51.7
95.7
140.7
168.0
-67.6
-61.1
-64.4
-64.7
91.5
-42.3
-136.3
65.9
92.9
-55.7
-64.2
-75.1
-172.7
72.3
-59.5
-51.0
149.6
-42.0
-66.0
-60.3
172.6
-68.1
-72.9
-44.7
108.2
-74.2
-65.7
-67.4
-78.2
163.0
69.4
68.9
-70.2
159.8
-68.8
-86.3
-90.8
-43.3
-75.5
-67.7
-68.6
77.5
-140.9
-149.2
-50.4
-64.6
-56.6
-45.2
64.7
-108.8
-67.5
-71.6
-88.4
-56.1
-72.9
-83.9
-64.1
-64.9
-58.3
-61.6
147.9
-60.6
-76.3
-90.2
104.5
-57.2
-92.2
-128.4
-88.9
-72.1
-97.1
-37.6
-66.0
-40.3
-96.9
-70.7
151.8
-58.1
-101.7
-43.8
63.9
-85.2
-51.0
-67.6
-174.9
-62.2
-37.3
-59.7
-61.3
-65.5
-67.5
-69.2
-97.9
-29.1
-90.5
-62.9
-78.9
-83.5
-57.5
-69.7
-56.1
49.6
-57.3
-91.5
-43.6
-90.2
-67.9
-175.6
62.6
-76.5
-54.3
-91.1
-89.0
-67.0
151.9
-93.2
-60.3
-58.2
-54.1
-65.2
-88.6
-63.5
-56.9
-62.9
-107.6
-68.7
-46.2
-59.0
-64.4
-43.9
-75.5
-24.6
-55.4
-80.6
-89.3
-71.8
-94.4
-69.4
-72.9
-170.3
74.3
151.0
127.4
-12.5
-59.9
-81.3
-60.2
-74.8
-34.0
-68.5
-102.9
-64.2
-59.7
-84.3
-67.0
64.2
-60.0
-89.2
-63.7
-61.0
-58.4
-66.1
-59.6
164.6
144.0
-73.9
-60.2
-49.2
-100.5
-50.7
64.0
-116.4
-24.3
157.1
16.4
176.5
-54.3
-53.7
-67.3
-111.9
130.1
-53.7
-91.9
-78.1
-30.8
-95.8
-50.4
-60.2
-62.0
-77.2
-85.6
-62.2
-86.3
-47.6
148.2
114.0
-45.8
-84.4
-81.5
-59.3
-63.1
-75.6
-64.6
-81.7
-70.8
-66.8
-120.1
-98.3
17.6
-68.2
-67.9
172.4
-45.0
-91.7
-48.5
161.4
-143.3
-86.9
-61.5
-60.5
-90.7
-50.1
-64.4
-164.3
92.6
62.6
-75.1
179.0
-43.4
-126.2
146.6
-76.9
-66.7
-67.4
-80.7
-75.8
-50.9
106.4
-46.1
-86.1
-63.5
-75.5
-73.3
-52.9
-71.3
-72.1
-58.9
-50.2
-125.4
-127.1
-32.9
-85.7
-52.5
-105.7
-48.4
-59.1
-49.0
-92.5
-44.3
-92.3
-60.6
-55.8
-64.6
-68.1
-99.6
-59.9
161.1
-69.0
-71.0
169.8
123.0
-64.6
-55.9
-68.2
-70.7
-89.1
-63.2
-62.1
-61.2
150.9
-52.2
172.9
-61.2
-71.2
-177.3
126.9
-63.1
-57.1
-68.0
-66.5
-85.4
-68.9
-63.3
-71.7
-71.0
-68.0
-6.9
-74.7
-65.7
-45.4
143.0
83.0
168.2
-74.1
-66.2
-55.4
-68.4
-72.3
-64.2
-53.1
-74.5
-162.0
-101.4
146.9
-61.0
-60.1
-60.1
-47.6
-79.0
-66.3
-72.6
-83.8
178.4
-64.0
-66.0
-66.7
-65.9
-69.0
-73.6
-65.1
-67.0
-58.3
125.9
-171.2
96.0
-64.9
-73.4
-64.8
81.6
-100.6
-75.3
-62.7
-71.6
-72.2
-66.8
-62.0
125.6
-58.8
-113.0
-59.8
-134.8
-68.1
-62.1
79.0
-41.0
-69.3
-56.5
-69.5
-63.7
-133.0
-68.1
-70.8
-69.9
-54.9
-71.9
-78.1
-67.6
-60.5
-64.9
-55.2
143.0
-63.1
-56.3
-63.7
138.4
-64.8
-66.0
-58.7
-125.4
105.8
-85.7
-52.4
-53.7
-43.4
-60.9
151.3
-44.9
-80.5
-66.7
-66.0
-145.5
-52.2
-77.6
-65.2
-67.1
-39.4
-67.9
-68.0
-74.1
-69.7
-67.8
-73.1
-53.2
-64.2
-80.6
-74.0
-90.0
-117.9
-66.0
83.8
-50.2
-67.1
-42.1
-66.8
62.1
-64.5
-61.6
-49.6
159.0
-44.0
-64.9
-62.5
-48.2
-64.8
-58.6
-61.2
49.1
-50.1
72.1
-55.2
-175.1
-100.0
-44.8
57.5
-65.2
-62.4
-50.8
-60.8
157.1
-58.0
-71.9
67.3
-66.2
-79.3
-77.8
-78.0
-102.7
-39.7
-122.0
-66.4
-65.8
-75.0
-44.6
-50.8
118.1
-61.4
-61.6
137.6
-66.7
27.4
-51.0
-55.3
-45.3
-64.1
-76.9
-70.2
-62.7
-51.8
156.2
96.2
161.3
-58.3
-49.1
-71.9
56.7
-66.2
-63.5
-73.2
-77.8
-72.7
-68.0
64.4
-80.5
-64.9
-174.4
-60.8
-62.5
-67.2
-63.6
-72.4
-72.6
46.4
-75.0
-68.0
-66.3
-65.8
-61.5
-68.7
-65.0
-66.6
165.0
68.7
-71.2
-65.8
-65.9
-58.2
56.3
-64.7
-67.4
-59.0
-68.5
-62.9
-67.8
-67.7
-68.6
-66.2
-63.2
-63.0
-25.2
-70.7
-74.7
-57.2
-70.6
-62.8
-77.6
-85.5
-48.0
-69.2
155.2
-58.5
-42.4
-55.9
54.7
-55.3
-81.1
-41.8
-52.7
-86.9
-48.8
-80.6
-54.0
-149.3
-49.4
-64.5
-56.2
-146.1
160.8
-53.9
-45.6
-62.3
-56.9
129.8
-46.1
-49.6
70.6
57.3
-58.2
-70.2
-55.5
-61.9
-61.7
-70.9
-65.0
-67.2
-65.1
-65.9
-42.4
-174.7
-39.8
84.9
-70.3
-78.0
138.3
98.6
-34.2
-47.5
-116.5
-58.3
-61.4
28.7
-50.7
156.8
-51.2
127.5
-67.1
-74.1
-66.6
22.1
-76.7
-76.5
-65.0
71.3
174.1
-69.9
-73.2
149.1
-45.2
-138.4
-43.3
-67.6
-63.2
-39.7
-61.4
-41.7
-58.0
159.8
-28.5
155.0
-47.2
36.2
135.9
36.9
-156.4
-61.3
-127.5
-78.5
-69.2
-58.1
-52.1
-42.0
-61.8
-66.8
-63.7
-55.6
-74.6
-68.6
-112.0
-60.0
-62.6
-69.8
-58.3
-52.9
-57.8
-53.7
-61.2
-54.8
-49.8
152.0
-179.0
-91.8
-55.2
-125.7
-85.6
-49.8
-13.4
-71.8
-81.1
-86.9
160.7
-88.7
-134.2
-67.6
-65.5
-64.1
-102.3
153.4
-72.3
-134.9
-55.1
-60.5
-60.8
-90.1
-59.1
-67.4
-59.4
-177.8
-110.9
74.8
152.7
-104.7
-64.0
-65.9
-82.5
-29.1
-168.4
54.0
-75.8
-57.3
-92.8
-62.5
-128.3
-108.6
-98.6
120.8
-54.9
54.9
-63.6
-124.2
-62.0
-60.4
-70.4
-78.3
-61.3
-82.0
-76.5
-61.3
-65.8
-176.7
-60.7
153.1
-131.0
-75.7
-73.7
164.4
-117.7
-61.0
-89.9
-76.4
-48.3
-60.4
-54.0
-101.3
-27.5
-79.0
-38.1
-47.8
-66.1
-78.0
-162.3
-53.5
-59.4
-38.3
-62.0
-92.6
-78.0
-86.7
156.0
32.9
-175.5
-62.6
-52.3
-65.0
-60.9
-178.2
-21.8
-136.2
100.8
161.4
-56.9
-61.5
-86.4
-63.1
156.6
-51.1
-60.5
-53.8
-80.9
-69.8
-60.2
-75.2
-58.5
179.7
-171.0
-53.2
133.5
-57.2
-65.0
-130.7
169.6
 8.9
152.5
-134.5
78.0
-125.9
-70.4
-86.4
-60.0
-66.2
-44.6
-56.2
-66.9
-68.5
-73.8
-56.3
-72.4
149.1
-73.9
-69.5
159.3
-71.2
-29.6
-71.1
-67.4
-63.4
-62.5
-70.4
-71.0
10.4
75.1
-154.1
39.4
-67.5
-70.7
-75.0
-70.6
-69.7
-35.6
161.9
-81.5
-36.8
86.6
-39.3
-142.8
-53.5
-55.9
-68.7
-72.3
-82.9
-45.9
-70.0
-62.6
-73.3
-61.6
-73.8
-52.0
-66.6
-151.6
-95.4
-156.9
-71.9
-51.8
-70.8
-83.2
78.4
-62.8
-61.4
-79.5
-51.1
-68.4
-61.3
-71.0
-88.8
-63.5
-51.0
-60.2
-54.6
-76.0
-130.8
-50.6
-66.0
-69.0
-66.1
-55.7
-71.1
-58.2
-59.7
-69.9
-170.9
-61.6
-62.4
138.6
-49.8
165.5
-43.1
-44.8
-61.4
-74.6
-68.5
-54.5
163.3
-65.3
-88.4
121.7
-22.8
-63.4
-65.4
-73.9
-39.4
-77.7
113.7
175.2
-74.0
-67.0
-67.4
-69.4
-51.8
-63.1
-55.6
157.2
-63.7
-68.7
-63.0
-61.8
-80.1
-179.4
-62.7
-65.1
-70.0
-57.8
-54.5
-71.6
-68.9
-53.6
-63.4
-66.0
-46.0
163.6
-48.0
-127.4
-86.5
-22.3
-66.8
-69.1
161.6
-177.4
-24.8
-172.1
28.0
-94.9
-75.1
-154.9
-69.4
-59.9
-119.1
178.7
-68.5
-51.1
-76.3
-59.5
-69.1
-55.2
-75.2
-38.5
-175.4
-71.0
-160.6
59.7
-140.5
-89.8
-72.7
-114.8
-73.6
-52.3
-121.7
-54.8
120.1
-56.4
-130.7
-43.1
-98.3
-25.7
-179.3
-72.0
-76.7
-95.7
-110.3
-39.0
-87.5
-86.0
-68.2
-166.3
121.4
131.4
106.5
69.2
-70.7
149.5
-103.0
-27.2
-155.2
114.3
-69.9
-73.7
-25.7
-78.7
176.2
-53.5
-60.9
-93.9
-155.4
-110.7
79.5
-149.1
132.2
124.6
40.8
-163.9
 1.4
-103.4
102.6
-7.5
-92.3
103.8
12.1
-46.9
-37.3
69.6
-133.1
-79.1
88.5
-45.4
148.6
-69.9
-95.8
-66.7
105.0
-78.0
-73.7
164.8
-72.6
-140.8
-65.6
-75.9
86.5
173.9
-36.1
-57.6
-58.0
-177.1
-35.6
151.7
-58.2
-71.6
-92.4
160.5
-33.5
62.0
-65.9
-64.8
-56.0
143.8
-71.3
-70.0
-59.7
-108.2
-58.8
-66.2
-73.9
-62.8
-67.5
-66.0
-67.6
-62.7
-65.2
62.0
-65.8
-64.8
-56.0
143.8
-71.2
-70.0
-59.7
-108.3
-58.9
-66.2
-73.9
-62.8
-67.5
-66.0
-67.5
-62.7
-65.2
63.8
-63.8
-65.9
-64.0
-69.3
-35.8
-59.3
-64.3
-57.2
-66.2
-61.6
-63.5
63.8
-57.5
-64.1
-60.8
121.6
58.6
-62.9
-61.0
104.0
31.1
-60.8
-57.9
-87.4
-66.3
81.3
-96.6
-68.5
-99.6
-79.7
30.3
-136.5
123.5
21.5
91.6
-92.3
-105.2
-60.1
-21.4
-36.0
-173.9
-158.0
26.9
-81.1
-129.3
-90.7
-44.7
120.2
-49.0
-58.9
-61.7
-63.0
68.9
-179.4
-80.2
-64.2
-78.9
-103.2
-60.4
-69.7
-107.9
-60.2
-56.9
-90.2
-60.8
178.4
-58.8
-80.1
-82.1
-71.8
-80.4
-63.0
-70.9
-63.6
-71.7
-67.3
-74.2
-60.1
-74.8
-69.3
-78.7
-74.5
176.2
139.9
-67.9
-73.2
-60.6
-80.6
-63.8
-59.5
-83.5
-134.9
-47.3
-64.2
-60.0
152.5
-107.7
-69.2
-64.6
-81.4
-73.5
-64.8
-75.4
-59.5
76.3
-67.0
-64.4
-55.0
60.6
-68.1
-178.1
-86.1
171.3
138.5
-103.2
-63.1
-79.9
-48.3
69.6
-62.2
-90.1
-71.8
-62.2
-58.6
-79.4
-95.4
89.0
86.8
166.3
-74.2
-79.1
142.2
-67.6
-59.5
-70.8
-68.9
-68.7
-61.1
-51.9
-55.5
170.2
-69.5
-73.7
-56.0
-66.0
-73.9
-71.9
-73.3
140.6
-64.3
-54.7
-50.9
-46.3
101.0
37.1
30.4
-47.5
-154.1
-112.2
-75.5
-64.8
-74.1
-71.8
-120.8
-95.5
-76.2
-56.3
-65.6
-59.1
-56.5
-63.9
119.9
-82.2
-65.0
-74.5
-65.5
-67.3
179.5
-54.9
13.7
153.9
-57.0
-78.9
-48.9
106.0
-57.3
176.1
-53.4
169.6
-51.3
138.8
-22.2
-109.1
-68.2
-82.2
-55.9
-64.2
-67.3
-62.8
-45.5
178.5
-61.9
167.5
-170.1
-58.3
171.7
-62.4
-82.7
-85.6
-85.4
-77.8
-58.5
136.5
-79.3
-59.3
-151.5
54.8
59.1
-90.7
-76.2
-64.4
-60.9
-70.6
-69.4
-57.3
-57.6
-63.6
-67.7
-65.0
-163.1
-74.5
-72.7
-79.2
-143.5
-64.4
-71.0
-64.9
-59.7
-58.1
-62.6
-63.3
-56.8
-76.0
-165.4
-79.7
-57.1
-79.8
169.0
-99.7
-113.0
-50.8
-65.5
68.9
92.2
20.9
-65.1
-61.7
-63.3
-50.1
-55.1
-64.8
-80.9
-82.9
172.2
-72.1
-76.3
-54.0
-64.9
-62.2
76.1
-83.8
-75.1
-48.1
-60.9
-63.9
-120.6
-57.2
-57.9
172.3
-73.6
-32.7
-112.4
-73.8
-53.6
-104.7
-67.3
-24.6
-73.0
-57.0
-67.2
159.5
-63.3
-52.5
-109.1
-64.2
-74.5
-68.5
-67.8
-67.0
-65.8
-66.9
-68.3
-76.0
-65.7
150.1
67.6
-68.5
-65.9
-78.6
-61.8
-65.0
-98.4
-65.9
-81.3
124.3
-81.7
-72.8
-46.1
-53.6
-60.9
-45.3
-69.0
-67.2
-76.6
-63.6
-147.2
-178.0
-51.3
-49.7
-62.6
-79.3
-68.0
-52.7
-70.5
79.4
-55.0
-27.1
-63.9
178.5
86.4
144.2
-71.6
-63.3
-52.0
144.7
-167.1
165.2
-48.7
-99.5
-115.6
-38.7
-59.2
-73.7
-122.2
-93.9
-90.0
-67.0
-58.9
-162.4
168.4
-60.0
122.8
-22.7
-37.9
-26.4
-74.1
-163.9
-50.4
-53.6
-96.7
-62.5
-75.4
-91.7
153.0
-71.7
-71.5
-54.9
-64.6
-69.8
51.9
145.0
102.0
-57.9
-61.7
-62.4
-46.0
-62.1
150.1
-65.4
-98.1
-57.6
173.6
-54.6
-67.0
-33.0
-138.0
-49.3
-56.7
163.1
-51.6
95.0
-148.7
-74.3
-169.2
-67.0
-66.2
-64.3
34.4
-73.0
81.8
57.0
106.9
-71.7
-83.5
-41.4
-155.5
-70.3
-91.2
-43.8
-12.8
-162.6
-50.6
155.3
-63.8
164.0
-100.6
-162.0
161.6
159.7
-75.7
-91.7
154.9
109.8
-37.3
-63.2
-53.9
-89.1
-66.3
-56.3
-75.2
153.2
-19.7
134.4
-80.7
178.8
-51.9
-48.5
-64.1
-42.4
-61.2
-75.6
-59.9
-66.9
-59.6
-65.5
-42.6
135.4
-67.3
-66.6
-33.6
164.3
-57.9
-35.8
-50.1
-58.2
-61.7
-67.2
-71.0
-61.4
-61.6
-69.7
-56.2
-51.7
-173.2
-45.5
-40.3
-112.4
-55.0
-53.5
-79.2
-62.4
-74.0
-66.1
-62.8
-56.1
-47.0
-63.7
-70.2
-56.0
-73.6
-174.8
-57.8
-65.1
-58.9
-52.6
-53.8
-66.8
-59.3
-145.5
-68.6
-58.5
-76.3
-60.5
159.5
-57.9
-73.4
-68.2
-67.9
-61.8
-71.7
-54.0
-64.3
100.7
-87.6
59.5
-46.2
-71.7
-71.3
-72.9
-111.9
-60.0
-67.1
-61.0
149.8
-65.8
-65.3
-60.7
-71.3
-60.4
-66.7
-63.2
-74.3
-71.1
-70.3
-48.7
-70.0
-57.6
-60.1
-111.9
-60.0
-67.1
-61.0
149.8
-65.8
-65.3
-60.7
-71.3
-60.4
-66.7
-63.2
-74.3
-71.1
-70.3
-48.7
-70.0
-57.6
-60.1
60.5
-65.7
-64.2
-66.2
-68.4
-62.0
-63.1
-64.8
-77.7
-64.0
-63.2
-61.7
60.5
-65.7
-64.2
-66.2
-68.4
-62.0
-63.1
-64.8
-77.7
-64.0
-63.2
-61.7
-73.7
-76.6
169.9
-166.9
-65.5
-72.7
-66.3
-71.5
-134.4
170.6
-59.1
-169.0
-162.6
-178.1
151.4
-100.7
-117.4
-68.6
-59.4
-64.2
-63.2
148.9
-62.4
-73.1
-48.5
-58.8
-59.4
111.1
-32.4
-42.3
-37.7
-41.7
-102.7
-67.0
77.0
-56.8
-68.3
-47.2
166.3
-56.0
-65.6
96.8
-71.8
-83.7
-57.5
150.5
-72.4
-63.2
-68.5
-50.2
-56.1
-85.3
-41.6
-158.3
-62.2
169.0
168.3
-103.1
150.8
-61.2
-83.3
159.2
-83.2
-68.3
-59.6
-58.0
177.3
140.4
-110.0
163.5
153.3
59.8
-85.5
-68.1
178.1
154.0
118.0
-52.2
68.8
-61.8
-77.5
-34.9
-67.8
-67.4
-55.9
-62.5
-63.3
-61.3
-166.4
-70.5
-72.3
-60.7
-79.6
-89.8
-66.9
-64.7
-65.1
132.3
-56.8
-53.8
-57.7
84.7
88.0
-66.1
-54.8
-83.6
-58.1
-63.2
176.9
-81.2
-75.8
-48.0
-68.8
-164.4
-60.7
-63.9
-69.7
-61.3
142.2
-86.8
146.5
-57.7
-75.7
-80.3
-144.8
-55.1
-49.9
131.5
-76.2
146.0
133.6
-66.7
-70.9
-64.0
-70.1
61.3
-70.7
149.8
-76.6
96.9
168.7
138.9
-79.6
-103.2
-82.8
-128.1
-67.0
155.9
157.7
115.7
-78.4
-62.7
-77.8
-76.6
-59.2
-83.8
152.8
-67.2
-61.2
-63.3
-63.5
-58.2
-38.5
76.5
-43.7
85.9
-57.7
-70.2
-95.9
-56.5
146.0
155.6
113.8
-79.8
-56.7
-55.4
-55.7
165.9
-77.1
99.2
-61.2
151.5
-53.3
-73.7
-69.7
-47.1
-60.2
-54.0
-59.3
-62.3
-69.4
167.3
172.2
168.6
-94.8
-75.1
171.9
-81.2
-177.3
-107.1
143.5
-160.2
156.9
-51.2
159.5
-39.0
-107.0
-58.9
168.5
-60.1
-171.1
-60.4
-71.1
138.3
-79.1
-84.5
-55.7
-82.9
-63.5
-57.0
-168.2
-66.5
-49.7
-66.5
-63.4
-104.7
-61.4
-66.7
-76.8
-65.0
-67.0
-66.2
-56.4
-135.8
167.2
-48.8
162.5
-54.8
-59.4
-72.6
168.8
-68.3
-69.3
-65.8
-62.6
-66.5
-52.9
-58.0
-62.5
-80.9
-143.4
-38.4
109.0
-64.1
-69.6
-78.4
118.7
-65.9
-55.6
144.4
159.7
-67.8
147.9
-56.1
-76.4
-59.9
-95.0
174.4
-46.7
-12.8
-61.3
-102.5
86.1
78.7
-176.8
162.2
-46.6
 8.5
-54.1
-51.5
-62.7
-60.9
100.8
-120.3
-57.8
-76.0
-73.1
-54.7
-56.3
142.8
-76.0
-80.7
-59.6
-72.6
-61.4
-68.6
-45.4
71.3
-56.4
159.7
-57.9
-65.1
-57.6
129.0
136.3
112.7
-51.0
-34.3
-59.0
172.7
-58.4
-57.3
-56.1
-58.6
-68.5
-46.5
-130.7
87.2
83.6
-75.6
-81.1
-68.6
163.4
-58.1
-59.5
-76.7
-78.7
-66.7
-58.2
-59.4
-59.8
-59.4
-56.9
-61.6
-59.0
-68.6
-80.1
-54.8
-162.4
-75.4
-73.2
-65.1
-56.8
-74.9
-56.4
56.7
-48.9
-55.7
-61.3
-69.4
-63.3
-81.8
61.5
-70.4
-68.6
-67.0
-60.1
-59.0
58.7
-62.4
-64.0
-88.5
-65.7
-63.2
-68.4
56.0
-71.4
-66.9
-59.4
-64.4
-66.6
-62.5
-66.5
-70.7
-62.1
-65.7
32.6
-57.8
-72.3
-68.7
-62.5
-59.6
-71.0
-71.8
 7.7
-72.1
-76.0
98.6
-58.6
-51.6
-54.1
171.0
-64.9
-55.9
-63.3
-63.5
28.6
-63.0
-70.4
-61.6
-61.8
-60.9
-72.0
-70.1
 8.6
-72.8
-75.4
-17.3
-57.2
-54.9
-57.4
170.5
-66.3
-56.4
-64.1
-63.1
177.7
-61.9
-63.8
-64.6
-63.9
-58.6
165.7
-60.8
-63.9
-59.2
-61.8
-63.2
-67.4
-29.4
-47.9
-57.3
-60.3
-67.7
170.5
-56.0
-66.8
56.2
161.2
-44.0
-54.2
-56.0
-60.2
-61.1
-62.1
-63.2
68.0
-61.3
-54.1
-57.9
164.8
-65.0
-47.6
-42.9
-67.2
-64.8
-61.5
-59.5
-56.0
-55.2
-51.3
159.5
-46.6
150.5
-45.7
30.6
-71.9
-62.9
-62.5
-65.7
-68.3
-67.4
76.5
-65.9
-91.4
177.2
-76.1
-62.2
-55.5
-69.4
-49.0
-67.6
-73.6
70.2
-60.2
-75.9
-171.7
-72.1
-63.5
-77.4
-63.8
-61.6
-81.3
-52.5
46.2
-57.7
-71.5
-39.1
159.0
-46.5
-75.3
-71.2
-63.5
-67.0
-45.1
-50.4
-57.2
-48.2
-84.8
-63.4
-70.2
-72.7
-56.8
-55.2
-59.5
-51.6
46.2
-57.7
-71.5
-39.1
159.0
-46.5
-75.3
-71.2
-63.5
-67.0
-45.1
-50.4
-57.2
-48.2
-84.8
-63.4
-70.2
-72.7
-56.8
-55.2
-59.5
-51.6
54.4
-56.5
-69.5
-60.3
-77.4
-62.5
-47.7
-64.0
-58.3
-72.9
-53.0
-78.9
-62.3
-152.2
-96.0
-55.9
-48.9
-69.1
-68.0
137.2
-66.9
-63.6
-72.3
73.3
-61.4
-60.9
-67.8
-51.5
138.0
-58.9
-62.4
-66.9
-65.6
-69.7
-78.5
-68.9
-66.8
-70.0
47.9
114.7
-64.8
-76.5
-79.2
-64.9
-72.3
-64.5
129.8
-65.4
-76.9
-56.5
-60.6
-59.5
-59.2
-60.4
144.0
-59.6
-59.3
-61.6
-58.3
-69.6
-64.2
-58.5
137.2
-62.6
-64.1
-68.8
81.8
-46.8
-92.8
-73.0
-66.7
-56.8
-68.0
-58.7
-71.3
-63.3
-61.4
131.7
-64.0
-59.5
142.1
-153.4
-177.5
-74.9
-84.2
-60.1
-66.6
-71.8
67.5
-70.2
-64.8
-54.0
-60.6
-62.7
-61.5
-65.9
-60.2
-63.9
-65.0
-59.6
-46.9
67.0
89.7
145.4
-66.6
171.8
-63.1
-64.8
143.5
-52.7
137.9
-58.8
-67.0
-61.6
-63.7
-69.3
-65.7
-71.8
-59.9
-58.5
-48.9
-48.8
-60.9
-64.3
63.8
-86.2
-68.7
134.2
-65.2
-61.6
-63.6
-65.8
-64.5
-68.7
-76.6
176.3
-75.9
-57.4
-62.6
-63.9
-70.7
-63.0
-61.1
-54.7
-69.3
-63.1
-58.7
-64.6
-63.5
86.6
176.3
-75.9
-57.4
-62.6
-63.9
-70.7
-63.0
-61.1
-54.7
-69.3
-63.1
-58.7
-64.6
-63.5
86.6
167.3
-52.8
-42.8
-66.9
-66.7
-60.3
-89.8
-50.2
-72.0
-57.7
-67.5
-53.2
-69.7
-62.2
-68.2
-62.7
-78.5
-131.7
-54.8
-47.6
-66.7
-58.1
68.6
-93.0
-63.8
-58.2
-48.4
-57.9
146.1
-55.0
-81.3
-73.1
-52.2
-76.4
-74.9
-50.6
163.0
-61.2
-61.6
-73.1
-65.3
-60.9
-59.7
-61.5
-77.2
-61.9
-73.7
156.0
-50.1
-48.1
-72.0
-60.4
-59.0
-75.0
-37.6
-146.1
-44.2
-46.7
-77.8
-63.4
-80.6
-50.9
-67.5
-52.4
124.9
-90.7
-67.7
-52.2
136.9
-82.2
-71.5
-51.2
-59.3
-62.5
-66.0
-57.2
-64.5
-91.0
-81.6
-60.9
-69.0
94.2
154.3
-88.6
100.3
-43.8
-57.2
159.3
-58.2
-50.4
-58.1
-67.4
-72.7
-58.5
-72.7
-65.1
-66.8
-61.6
149.0
-61.3
-66.8
-65.5
-61.0
-72.4
-55.5
-63.1
-90.1
-72.7
-65.1
-66.8
-61.6
149.0
-61.3
-66.8
-65.5
-61.0
-72.4
-55.5
-63.1
-90.1
73.1
-76.7
-64.5
-84.1
-65.6
-76.4
-68.3
-53.3
-54.0
-74.0
-78.1
-97.8
68.0
-81.2
-72.3
-77.7
-73.5
-50.2
-77.8
-76.2
-69.6
-73.8
-88.1
-64.8
-177.4
136.5
-62.6
-51.7
-69.3
176.5
-60.8
54.7
-45.4
-66.0
-65.4
-43.4
-56.4
-175.4
164.7
146.0
141.6
-45.6
-50.6
-67.0
-64.4
-70.2
-38.6
-69.0
-65.8
-59.4
-59.6
-64.1
178.3
-68.4
-61.7
-66.9
-65.5
-45.4
44.9
140.1
-62.0
-56.3
-75.6
-47.3
-69.2
174.4
-51.0
-66.1
-76.8
-64.8
-61.0
-55.0
-57.5
-61.3
141.9
-67.4
-83.6
-49.1
-56.6
-63.5
-54.2
-73.7
-71.3
-73.3
-50.4
-60.8
-61.0
-56.9
-49.4
-78.2
128.6
153.1
170.0
-61.1
-67.4
-54.6
-64.0
-54.4
-63.6
-64.9
-44.6
-64.4
133.2
-72.3
-72.7
74.2
-73.3
-76.1
-56.6
-55.8
-61.4
124.2
178.3
-50.8
-44.9
-73.0
-88.0
-71.8
-69.6
-69.6
-72.8
-68.7
-39.4
-78.4
-59.4
83.0
-54.9
148.0
-101.6
-85.7
-152.5
-82.8
12.7
-71.0
-63.5
-58.0
-71.2
-61.5
-78.4
-23.2
-178.8
-51.3
-174.8
-72.2
-60.6
-73.4
-57.2
-54.2
-53.5
-62.8
-42.5
-47.3
-29.9
-60.7
-48.8
-63.5
44.1
65.3
144.3
-54.5
-68.0
-67.4
-54.6
-60.5
-56.6
-67.1
-51.1
-48.4
154.5
-41.8
-57.2
-151.9
-75.6
131.9
-29.1
-67.7
-59.6
-62.9
-50.7
-66.3
-60.2
-72.2
62.2
47.8
-63.5
46.1
-86.3
92.1
-66.3
176.8
-65.6
54.4
-93.4
-68.7
-83.2
-65.9
-56.8
-71.3
-65.6
-55.1
-73.2
-52.1
114.8
-44.3
-61.1
92.3
-61.1
-53.2
128.8
64.5
-74.3
-46.0
-105.7
-55.3
-48.9
177.9
-33.6
-48.4
-58.3
179.6
-68.1
-49.7
-78.3
-75.4
99.0
-83.3
-40.6
-95.1
-68.9
-56.9
-39.6
-101.2
-53.8
-81.6
27.7
-100.2
-61.7
-53.9
-95.8
-79.7
-78.4
-47.8
-85.3
141.9
154.8
-133.1
138.3
111.6
136.0
52.5
-147.2
-161.9
-116.7
117.7
112.2
-89.6
-136.2
-75.2
-69.9
157.8
-74.6
147.5
-171.9
-46.8
-3.9
-56.0
-43.5
158.3
-77.4
-134.6
-76.6
-104.8
-51.8
-36.9
84.7
-93.2
-90.8
-70.7
-52.9
-43.0
-48.7
-65.9
-94.9
-73.2
-172.1
-86.3
-50.5
-139.7
-78.3
-51.4
-69.9
-25.5
-154.8
-70.7
-76.6
-77.6
-103.4
-61.2
-45.9
-73.8
-144.8
-48.2
-73.6
-40.4
-91.8
-94.3
-97.4
-146.0
-59.1
-79.5
-51.7
-80.0
-65.1
-63.5
-60.5
-77.4
-71.2
-158.9
-177.1
-66.5
50.8
-68.5
-71.7
-80.8
-61.6
165.5
-77.3
-72.6
166.9
-57.2
-60.9
76.4
-76.7
-62.3
-60.6
-78.5
-62.6
-62.0
-83.5
-80.8
-64.6
-56.8
-72.3
87.6
-66.0
-77.4
-60.8
-76.1
-68.2
-63.4
-57.7
-70.9
-67.6
-70.9
-163.0
-77.2
173.8
-91.1
-77.6
106.5
-51.1
85.6
55.9
98.4
167.7
-79.2
151.4
-69.7
-76.0
-63.9
-57.4
-91.2
-75.1
-62.4
-99.9
-67.9
-66.3
-61.4
-71.3
59.8
-65.3
-69.5
-65.9
-55.8
-71.6
-68.1
-57.9
-59.9
-70.8
-64.5
-65.1
-60.7
57.7
-65.3
-67.2
-64.3
-55.3
-70.1
144.5
-62.0
-62.1
-64.3
-63.5
-65.5
-57.6
-65.5
-137.0
-49.9
-65.6
-60.2
-63.7
-67.2
-69.7
-175.7
-62.1
-50.4
75.9
-50.1
-74.9
-62.2
146.8
-47.9
125.6
-57.6
-62.5
81.6
68.7
-170.0
-67.6
-59.3
-52.9
-64.4
-62.5
-65.1
55.1
-55.3
-71.9
-60.3
-62.9
46.7
-77.4
-63.3
-79.1
105.1
-73.7
-61.4
-62.9
-65.5
-54.7
-56.7
-70.0
175.3
-68.6
-148.6
-54.1
-56.2
-56.7
-63.9
-70.6
-88.1
-55.9
-126.5
-58.2
157.7
-84.2
-62.0
-62.2
-72.3
-124.6
168.7
-97.5
-44.5
-61.9
-63.4
-51.7
-52.4
-11.7
-66.5
-60.0
-68.2
63.5
71.2
-74.7
-57.4
-49.2
-20.3
-44.5
51.4
-135.1
-55.6
-65.6
-78.8
-77.8
-53.4
-57.6
168.8
-68.3
-56.9
86.1
-58.7
-82.8
-47.1
-136.3
-42.6
151.1
-51.5
-69.8
-63.7
-51.7
-175.2
-57.7
-47.6
-57.0
-51.9
-64.2
-40.1
38.1
-39.3
-65.2
-61.6
-51.0
-9.3
-97.9
-69.3
-77.7
-143.1
-76.0
-81.1
-67.0
-48.3
-65.2
-77.5
-62.6
177.1
-59.2
-80.2
-65.8
95.4
-66.0
-60.8
-53.1
-65.0
-61.9
147.0
-70.8
105.5
-75.7
-57.0
-79.0
52.4
-118.1
-55.8
-70.0
-73.6
-54.2
-72.6
150.8
-57.6
65.4
-73.1
54.1
-83.6
178.7
68.9
-65.3
-63.4
-67.9
163.0
-26.3
-46.8
159.7
-33.2
-48.3
-59.1
-76.8
-64.0
171.7
-66.4
-60.4
-171.0
-54.4
-57.1
-165.1
-75.2
-66.0
-27.2
-58.3
-65.6
-103.2
170.8
-60.8
-45.7
148.6
118.2
84.3
-57.3
145.6
-159.1
127.7
-120.2
144.4
109.8
-46.8
-49.2
-134.8
-53.1
-60.5
-105.2
-84.4
-55.2
-71.9
-74.5
-62.7
-59.9
172.2
17.2
-58.1
152.2
-64.5
-67.3
-121.8
-69.5
-76.4
-67.7
40.0
55.9
152.7
172.1
-147.4
-62.8
-64.9
-56.5
102.6
-55.9
-73.6
-173.4
79.7
-157.6
175.4
-74.0
-71.9
-60.8
-66.7
-64.8
-73.4
-65.8
-63.4
-64.1
-61.4
-66.2
-53.6
-53.7
179.4
-63.5
-71.6
-71.4
-55.8
-54.5
144.5
-48.9
-108.2
121.8
157.7
-65.3
-50.0
-42.9
-54.8
-61.7
-53.8
-63.3
-49.6
-66.9
-157.2
-50.4
144.7
107.5
-105.2
-83.5
-83.8
81.1
-69.2
-65.6
-62.6
-61.6
176.9
-69.9
-65.1
141.6
-64.0
-65.9
-66.8
-64.1
-66.6
-69.6
-64.0
-66.6
-70.1
-60.3
-54.3
-59.0
-67.6
-67.5
-59.9
-66.6
167.6
-65.0
-78.9
-68.6
-64.8
-64.3
-42.0
98.0
-81.0
-64.1
-70.4
-78.2
58.6
-67.2
-63.0
-59.6
-55.6
-59.3
-60.1
-62.1
-59.8
-167.1
55.2
-74.5
-64.9
-66.6
-69.1
-63.4
-68.6
-61.5
-66.6
-71.8
-62.4
-62.0
-62.3
47.8
-62.6
-61.5
-69.7
124.8
57.9
-63.9
-55.2
120.6
-82.6
-67.4
-68.5
-64.6
-59.5
-75.5
35.9
-67.0
-65.5
-74.4
-83.1
-68.8
-75.2
-69.7
165.1
-56.3
-77.0
-63.2
-59.0
-66.1
51.8
-58.1
-70.3
-65.6
-78.9
-48.2
-71.8
-56.8
146.9
-70.3
-76.0
-68.5
-52.8
-83.2
69.1
-71.8
-71.0
-68.6
-173.1
-44.2
-67.0
160.6
-81.6
-66.7
-66.5
176.5
62.9
147.0
-68.4
-87.0
57.2
-81.7
-71.8
-100.1
-57.7
-59.9
-52.4
-35.2
-174.6
-69.3
-57.8
-53.7
158.1
-77.8
-79.9
137.1
-71.2
-56.8
-22.6
-22.7
145.5
74.4
-100.5
55.2
-59.2
56.8
-74.5
-67.8
-84.4
-70.4
-64.5
-68.9
-66.7
-65.2
-74.3
-69.8
-65.8
-63.6
-64.6
-64.7
-73.9
-65.4
-66.4
-69.6
-64.6
-73.3
-65.0
-66.5
-63.9
-69.6
-65.1
-73.4
-66.9
-62.4
-69.7
-66.0
-69.6
56.8
-74.5
-67.8
-84.4
-70.4
-64.5
-68.9
-66.7
-65.2
-74.3
-69.8
-65.8
-63.6
-64.6
-64.7
-73.9
-65.4
-66.4
-69.6
-64.6
-73.3
-65.0
-66.5
-63.9
-69.6
-65.1
-73.4
-66.9
-62.4
-69.7
-66.0
-69.6
-171.1
-84.3
-107.2
-55.5
-54.1
-168.1
14.0
41.4
-43.8
172.1
-42.8
55.7
-121.1
71.2
-110.6
 1.4
-55.5
165.3
-78.7
-19.5
16.8
48.3
-74.8
-71.7
-83.7
-102.6
-146.8
-74.7
79.3
-104.7
-95.5
-105.7
-20.4
-63.7
-98.4
-178.4
-109.3
-71.5
-54.7
-169.6
-43.7
-51.4
130.6
-15.5
-46.1
-50.8
-140.8
-89.6
-54.7
176.5
-103.5
86.2
-122.7
167.4
-53.0
-132.2
-63.9
15.5
-136.1
-150.2
-86.2
-72.5
-70.7
-70.7
-86.6
151.9
17.7
-171.8
-114.9
-37.1
-76.8
-58.2
-79.8
-81.9
130.9
-72.7
-79.2
-106.1
-57.3
175.9
-79.6
-8.7
-5.4
147.7
-42.2
-87.0
-36.3
-68.2
-69.3
-159.2
-91.3
-65.3
-68.1
-75.4
-101.0
144.6
-60.2
-55.6
-61.0
-60.4
-68.0
147.0
56.9
-78.4
-62.4
-63.4
-60.2
-55.4
-68.6
-64.1
148.9
-60.7
82.9
64.6
-71.2
-25.8
153.2
-69.1
-103.0
-65.7
-62.1
157.1
-66.7
-69.4
-59.7
-48.7
-60.2
-58.0
-66.9
71.8
-74.7
-67.9
-60.8
52.7
-67.9
-60.6
-61.4
156.0
-62.7
-127.0
139.4
-121.2
-45.2
-90.8
-80.3
-60.4
153.9
-68.4
-68.4
-70.3
-79.5
53.5
-47.8
162.4
-62.6
-58.6
-59.3
-43.2
-51.2
-62.4
-65.6
-61.3
127.8
-104.2
-48.0
39.7
-50.4
-56.6
-66.0
-73.5
-47.5
-65.0
-60.1
-64.2
-59.3
-60.6
-81.9
-65.6
-95.6
-67.8
-169.7
175.5
-114.3
-65.0
176.7
-47.8
-87.7
-101.4
-163.6
89.9
163.4
-33.7
-44.3
146.2
-53.8
133.0
-139.6
150.9
178.5
-62.4
-59.5
-66.8
-66.4
151.4
-59.2
-63.7
-73.3
-71.3
-61.7
-68.3
-66.9
-64.7
178.5
-62.4
-59.5
-66.8
-66.4
151.4
-59.2
-63.7
-73.3
-71.3
-61.7
-68.3
-66.9
-64.7
49.0
-67.7
165.5
-63.5
-70.8
-68.3
-69.2
-65.5
-66.6
-66.7
-60.2
161.2
-45.0
-52.3
130.8
-68.4
-67.3
-67.2
-76.7
49.1
-67.6
165.0
-63.3
-69.8
-68.2
-69.3
-66.6
-66.6
-66.8
-60.1
161.5
-45.3
-52.3
130.7
-68.0
-66.5
-67.2
-77.2
