6
3
3
3
3
5
3
3
3
3
3
3
3
6
6
7
3
3
7
3
3
3
3
3
3
3
3
7
3
3
3
3
3
3
3
7
3
3
3
3
6
5
5
3
1
2
3
3
3
3
2
3
3
3
3
3
3
3
6
3
3
3
3
3
7
3
4
7
3
3
3
6
3
7
3
7
3
6
4
2
3
3
3
3
3
3
3
7
3
7
1
3
7
3
3
3
3
3
3
6
3
3
1
5
5
3
3
3
3
3
3
3
3
3
3
3
1
3
3
3
1
3
3
3
3
3
3
3
3
3
1
3
3
3
7
3
2
3
3
5
6
4
3
3
3
3
3
3
3
3
0
0
0
0
0
0
0
0
0
0
0
0
0
0
0
0
0
0
0
0
0
0
0
0
0
0
0
0
0
0
0
0
0
0
0
0
0
0
0
0
0
0
0
0
0
0
0
0
0
0
0
0
0
0
0
0
0
0
0
0
0
0
0
0
0
0
0
0
0
0
0
0
0
0
0
0
0
0
0
0
0
0
0
0
0
0
0
0
0
0
0
0
0
0
0
0
0
0
0
0
0
0
0
0
0
0
0
0
0
0
0
0
0
0
0
0
0
0
0
0
0
0
0
0
0
0
0
0
0
0
0
0
0
0
0
0
0
0
0
0
0
0
0
0
0
0
0
0
0
0
0
0
0
0
0
0
0
0
0
0
0
0
0
0
0
0
0
0
0
0
0
0
0
0
0
0
0
0
0
0
0
0
0
0
0
0
0
0
0
0
0
0
0
0
0
0
0
0
0
0
0
0
0
0
0
0
0
0
0
0
0
0
0
0
0
0
0
0
0
0
0
0
0
0
0
0
0
0
0
0
0
0
0
0
0
0
0
0
0
0
0
0
0
0
0
