6
3
3
3
3
7
3
3
3
3
7
7
2
7
7
3
3
3
3
3
3
3
3
3
3
7
3
3
3
3
3
7
1
6
5
3
3
1
6
3
3
3
3
3
3
3
3
3
7
3
3
3
7
5
3
3
7
3
3
3
7
3
7
3
3
3
3
3
3
7
3
3
7
6
3
3
3
3
7
4
1
3
3
3
3
3
6
3
3
3
3
3
7
3
3
3
1
3
3
3
7
3
3
3
7
3
6
3
3
1
3
3
3
3
3
3
3
3
3
1
3
3
3
3
7
3
1
3
3
3
3
3
3
3
3
1
3
3
5
7
3
5
5
3
7
4
1
1
3
7
3
3
3
3
3
0
0
0
0
0
0
0
0
0
0
0
0
0
0
0
0
0
0
0
0
0
0
0
0
0
0
0
0
0
0
0
0
0
0
0
0
0
0
0
0
0
0
0
0
0
0
0
0
0
0
0
0
0
0
0
0
0
0
0
0
0
0
0
0
0
0
0
0
0
0
0
0
0
0
0
0
0
0
0
0
0
0
0
0
0
0
0
0
0
0
0
0
0
0
0
0
0
0
0
0
0
0
0
0
0
0
0
0
0
0
0
0
0
0
0
0
0
0
0
0
0
0
0
0
0
0
0
0
0
0
0
0
0
0
0
0
0
0
0
0
0
0
0
0
0
0
0
0
0
0
0
0
0
0
0
0
0
0
0
0
0
0
0
0
0
0
0
0
0
0
0
0
0
0
0
0
0
0
0
0
0
0
0
0
0
0
0
0
0
0
0
0
0
0
0
0
0
0
0
0
0
0
0
0
0
0
0
0
0
0
0
0
0
0
0
0
0
0
0
0
0
0
0
0
0
0
0
0
0
0
0
0
0
0
0
0
0
0
0
0
