3
3
7
1
3
3
3
3
1
7
3
1
1
1
7
3
2
3
3
3
3
7
3
3
3
3
3
6
3
3
3
3
3
3
5
3
3
3
7
3
3
6
3
3
3
7
3
3
3
3
3
3
3
1
3
7
7
3
7
3
3
7
3
3
3
3
7
7
2
7
7
5
3
3
7
7
6
3
5
3
3
3
3
3
3
3
3
3
1
3
3
3
3
3
3
3
3
6
3
3
3
6
6
3
3
3
3
3
7
3
3
3
3
1
3
3
3
3
7
3
7
3
3
3
1
3
3
6
3
7
6
3
3
3
3
5
3
7
3
6
7
6
3
3
3
1
3
7
7
6
3
3
3
3
3
3
7
3
3
3
3
3
3
5
3
6
3
3
3
3
7
7
6
3
3
3
3
7
3
6
3
7
3
3
3
3
3
3
3
3
3
7
7
7
3
3
7
3
1
2
7
1
7
3
7
3
2
3
7
3
1
3
3
6
3
3
3
3
3
3
1
3
3
3
3
3
3
3
3
3
3
3
3
1
7
3
7
3
3
3
7
3
3
3
3
3
3
3
3
3
1
3
6
3
3
3
6
3
3
7
7
3
7
3
3
3
3
0
0
0
0
0
0
0
0
0
0
0
0
0
0
0
0
0
0
0
0
0
0
0
0
0
0
0
0
0
0
0
0
0
0
0
0
0
0
0
0
0
0
0
0
0
0
0
0
0
0
0
0
0
0
0
0
0
0
0
0
0
0
0
0
0
0
0
0
0
0
0
0
0
0
0
0
0
0
0
0
0
0
0
0
0
0
0
0
0
0
0
0
0
0
0
0
0
0
0
0
0
0
0
0
0
0
0
0
0
0
0
0
0
0
0
0
0
0
0
0
0
0
0
0
0
0
0
0
