1
3
3
3
3
3
3
3
7
3
7
3
5
5
3
3
3
3
3
3
3
3
3
3
3
7
3
3
3
3
3
3
3
3
3
3
3
3
3
3
5
3
3
7
3
3
3
3
6
3
3
3
7
3
3
3
3
3
3
1
3
3
3
3
2
3
3
3
3
3
3
2
6
3
3
3
3
7
3
1
5
6
3
3
3
3
3
3
3
3
3
3
3
3
7
3
3
3
3
3
3
3
3
3
3
3
3
3
3
3
6
3
3
6
3
3
3
3
3
3
3
3
3
3
3
7
3
1
3
3
3
3
3
3
3
3
3
6
3
3
3
3
3
3
3
3
3
3
3
3
3
7
1
3
3
3
3
3
3
3
3
3
4
6
3
3
3
3
3
7
3
3
3
0
0
0
0
0
0
0
0
0
0
0
0
0
0
0
0
0
0
0
0
0
0
0
0
0
0
0
0
0
0
0
0
0
0
0
0
0
0
0
0
0
0
0
0
0
0
0
0
0
0
0
0
0
0
0
0
0
0
0
0
0
0
0
0
0
0
0
0
0
0
0
0
0
0
0
0
0
0
0
0
0
0
0
0
0
0
0
0
0
0
0
0
0
0
0
0
0
0
0
0
0
0
0
0
0
0
0
0
0
0
0
0
0
0
0
0
0
0
0
0
0
0
0
0
0
0
0
0
0
0
0
0
0
0
0
0
0
0
0
0
0
0
0
0
0
0
0
0
0
0
0
0
0
0
0
0
0
0
0
0
0
0
0
0
0
0
0
0
0
0
0
0
0
0
0
0
0
0
0
0
0
0
0
0
0
0
0
0
0
0
0
0
0
0
0
0
0
0
0
0
0
0
0
0
0
0
0
0
0
0
0
0
0
0
0
0
0
0
0
0
0
0
