7
3
7
3
3
3
3
3
3
6
5
3
3
3
3
1
3
3
3
3
1
3
3
3
3
3
3
3
3
3
3
3
5
5
5
3
3
3
3
3
3
3
3
3
3
3
3
3
3
3
3
3
3
3
3
1
3
3
7
3
3
3
3
3
3
3
3
3
3
3
3
5
3
5
3
7
3
3
3
3
3
3
3
3
3
3
5
1
3
3
3
3
6
3
3
3
3
3
3
7
3
3
3
3
6
2
3
3
3
3
3
3
3
7
6
7
3
3
5
3
3
3
3
3
3
3
3
3
3
3
3
3
3
3
3
3
3
7
3
3
6
5
3
3
3
3
3
3
7
3
3
7
3
3
3
3
3
3
3
3
3
0
0
0
0
0
0
0
0
0
0
0
0
0
0
0
0
0
0
0
0
0
0
0
0
0
0
0
0
0
0
0
0
0
0
0
0
0
0
0
0
0
0
0
0
0
0
0
0
0
0
0
0
0
0
0
0
0
0
0
0
0
0
0
0
0
0
0
0
0
0
0
0
0
0
0
0
0
0
0
0
0
0
0
0
0
0
0
0
0
0
0
0
0
0
0
0
0
0
0
0
0
0
0
0
0
0
0
0
0
0
0
0
0
0
0
0
0
0
0
0
0
0
0
0
0
0
0
0
0
0
0
0
0
0
0
0
0
0
0
0
0
0
0
0
0
0
0
0
0
0
0
0
0
0
0
0
0
0
0
0
0
0
0
0
0
0
0
0
0
0
0
0
0
0
0
0
0
0
0
0
0
0
0
0
0
0
0
0
0
0
0
0
0
0
0
0
0
0
0
0
0
0
0
0
0
0
0
0
0
0
0
0
0
0
0
0
0
0
0
0
0
0
0
0
0
0
0
0
0
0
0
0
0
0
