5
6
5
3
3
3
7
3
3
3
6
3
3
3
3
3
3
3
3
3
3
3
2
4
5
7
3
3
3
3
3
7
3
3
3
3
3
3
3
6
3
3
3
6
3
3
3
3
3
3
7
3
3
7
3
3
3
3
3
3
3
3
3
3
3
5
3
3
3
3
3
3
3
3
3
3
3
3
3
3
3
7
3
3
1
7
3
3
3
3
3
1
5
3
3
3
3
3
3
3
3
7
3
3
3
7
3
3
3
3
3
3
3
7
3
5
3
3
2
3
3
3
3
3
3
7
3
3
7
3
3
7
5
3
6
6
3
3
3
3
3
3
7
3
3
3
3
3
3
3
3
3
3
6
6
3
3
3
3
3
3
3
3
3
3
3
7
3
7
6
4
3
3
3
3
3
3
3
3
3
3
7
3
3
3
3
3
3
3
0
0
0
0
0
0
0
0
0
0
0
0
0
0
0
0
0
0
0
0
0
0
0
0
0
0
0
0
0
0
0
0
0
0
0
0
0
0
0
0
0
0
0
0
0
0
0
0
0
0
0
0
0
0
0
0
0
0
0
0
0
0
0
0
0
0
0
0
0
0
0
0
0
0
0
0
0
0
0
0
0
0
0
0
0
0
0
0
0
0
0
0
0
0
0
0
0
0
0
0
0
0
0
0
0
0
0
0
0
0
0
0
0
0
0
0
0
0
0
0
0
0
0
0
0
0
0
0
0
0
0
0
0
0
0
0
0
0
0
0
0
0
0
0
0
0
0
0
0
0
0
0
0
0
0
0
0
0
0
0
0
0
0
0
0
0
0
0
0
0
0
0
0
0
0
0
0
0
0
0
0
0
0
0
0
0
0
0
0
0
0
0
0
0
0
0
0
0
0
0
0
0
0
0
0
0
