3
1
3
3
3
3
3
3
1
3
3
5
3
3
3
7
3
6
3
3
5
5
1
3
3
3
3
3
3
5
3
3
3
3
5
3
3
3
6
3
3
3
3
3
3
3
7
3
1
3
3
3
3
3
3
3
2
3
7
3
3
3
3
2
7
3
3
3
3
3
3
4
3
3
3
5
5
3
3
3
4
3
5
1
3
3
3
3
3
3
7
3
3
6
3
3
3
1
3
7
3
3
3
3
1
3
3
3
3
3
3
5
3
3
3
3
4
3
3
3
1
3
3
3
3
3
3
3
7
3
3
3
6
3
3
3
3
3
7
3
6
3
3
3
5
2
3
3
3
3
3
7
3
5
3
5
3
7
5
3
3
3
7
0
0
0
0
0
0
0
0
0
0
0
0
0
0
0
0
0
0
0
0
0
0
0
0
0
0
0
0
0
0
0
0
0
0
0
0
0
0
0
0
0
0
0
0
0
0
0
0
0
0
0
0
0
0
0
0
0
0
0
0
0
0
0
0
0
0
0
0
0
0
0
0
0
0
0
0
0
0
0
0
0
0
0
0
0
0
0
0
0
0
0
0
0
0
0
0
0
0
0
0
0
0
0
0
0
0
0
0
0
0
0
0
0
0
0
0
0
0
0
0
0
0
0
0
0
0
0
0
0
0
0
0
0
0
0
0
0
0
0
0
0
0
0
0
0
0
0
0
0
0
0
0
0
0
0
0
0
0
0
0
0
0
0
0
0
0
0
0
0
0
0
0
0
0
0
0
0
0
0
0
0
0
0
0
0
0
0
0
0
0
0
0
0
0
0
0
0
0
0
0
0
0
0
0
0
0
0
0
0
0
0
0
0
0
0
0
0
0
0
0
0
0
0
0
0
0
0
0
0
0
0
0
