7
3
7
3
3
3
3
7
3
6
6
3
7
3
3
3
1
6
3
3
3
3
7
3
3
3
6
3
3
3
3
7
3
3
3
7
3
3
6
7
5
5
3
3
3
3
3
3
7
3
5
3
3
6
3
3
7
3
4
6
1
2
3
3
3
5
3
6
3
3
3
3
3
3
3
1
5
3
3
3
3
3
3
3
3
6
3
3
5
3
3
3
3
3
3
5
3
3
3
3
3
3
3
3
3
7
3
3
5
7
3
6
3
3
3
5
5
5
5
3
3
3
3
7
3
3
0
0
0
0
0
0
0
0
0
0
0
0
0
0
0
0
0
0
0
0
0
0
0
0
0
0
0
0
0
0
0
0
0
0
0
0
0
0
0
0
0
0
0
0
0
0
0
0
0
0
0
0
0
0
0
0
0
0
0
0
0
0
0
0
0
0
0
0
0
0
0
0
0
0
0
0
0
0
0
0
0
0
0
0
0
0
0
0
0
0
0
0
0
0
0
0
0
0
0
0
0
0
0
0
0
0
0
0
0
0
0
0
0
0
0
0
0
0
0
0
0
0
0
0
0
0
0
0
0
0
0
0
0
0
0
0
0
0
0
0
0
0
0
0
0
0
0
0
0
0
0
0
0
0
0
0
0
0
0
0
0
0
0
0
0
0
0
0
0
0
0
0
0
0
0
0
0
0
0
0
0
0
0
0
0
0
0
0
0
0
0
0
0
0
0
0
0
0
0
0
0
0
0
0
0
0
0
0
0
0
0
0
0
0
0
0
0
0
0
0
0
0
0
0
0
0
0
0
0
0
0
0
0
0
0
0
0
0
0
0
0
0
0
0
0
0
0
0
0
0
0
0
0
0
0
0
0
0
0
0
0
0
0
0
0
0
0
0
0
