6
3
7
3
3
3
3
3
3
7
3
3
7
3
3
1
6
3
3
5
3
3
3
3
3
3
3
3
3
7
3
7
3
3
6
3
3
3
3
7
5
3
3
3
3
3
3
7
3
3
6
3
3
3
3
3
3
3
3
3
3
3
3
3
3
7
3
3
7
3
6
3
7
3
3
3
3
3
7
3
3
3
6
3
3
3
3
3
3
3
5
5
3
3
6
3
4
3
3
3
3
5
3
2
3
3
3
3
3
3
3
3
6
1
7
3
3
3
3
3
3
2
2
3
3
1
3
0
0
0
0
0
0
0
0
0
0
0
0
0
0
0
0
0
0
0
0
0
0
0
0
0
0
0
0
0
0
0
0
0
0
0
0
0
0
0
0
0
0
0
0
0
0
0
0
0
0
0
0
0
0
0
0
0
0
0
0
0
0
0
0
0
0
0
0
0
0
0
0
0
0
0
0
0
0
0
0
0
0
0
0
0
0
0
0
0
0
0
0
0
0
0
0
0
0
0
0
0
0
0
0
0
0
0
0
0
0
0
0
0
0
0
0
0
0
0
0
0
0
0
0
0
0
0
0
0
0
0
0
0
0
0
0
0
0
0
0
0
0
0
0
0
0
0
0
0
0
0
0
0
0
0
0
0
0
0
0
0
0
0
0
0
0
0
0
0
0
0
0
0
0
0
0
0
0
0
0
0
0
0
0
0
0
0
0
0
0
0
0
0
0
0
0
0
0
0
0
0
0
0
0
0
0
0
0
0
0
0
0
0
0
0
0
0
0
0
0
0
0
0
0
0
0
0
0
0
0
0
0
0
0
0
0
0
0
0
0
0
0
0
0
0
0
0
0
0
0
0
0
0
0
0
0
0
0
0
0
0
0
0
0
0
0
0
0
