5
3
3
3
3
3
3
3
3
1
3
3
7
3
3
7
3
5
3
5
3
5
4
3
3
3
6
3
3
3
3
3
3
3
1
3
7
3
3
3
3
3
3
7
3
3
3
5
6
5
3
3
3
3
3
3
7
3
3
6
3
3
3
3
3
3
3
3
3
3
3
3
7
3
3
3
3
7
3
3
5
5
3
3
3
3
3
3
3
7
7
7
3
3
3
3
3
3
3
3
3
3
3
3
3
5
3
3
3
3
3
3
7
2
3
3
3
3
3
2
6
6
7
3
3
3
7
3
2
3
3
3
3
3
3
3
3
3
3
7
3
7
7
1
3
7
3
3
3
3
3
6
3
3
3
3
7
3
3
3
7
5
7
6
3
6
3
5
6
3
3
3
3
7
3
3
3
3
1
3
3
7
3
3
3
3
7
3
3
3
5
3
3
3
3
3
3
3
3
3
5
3
2
3
3
3
3
3
3
3
6
3
1
3
3
3
3
1
6
7
1
3
3
3
3
7
3
3
3
3
3
3
6
3
6
3
3
0
0
0
0
0
0
0
0
0
0
0
0
0
0
0
0
0
0
0
0
0
0
0
0
0
0
0
0
0
0
0
0
0
0
0
0
0
0
0
0
0
0
0
0
0
0
0
0
0
0
0
0
0
0
0
0
0
0
0
0
0
0
0
0
0
0
0
0
0
0
0
0
0
0
0
0
0
0
0
0
0
0
0
0
0
0
0
0
0
0
0
0
0
0
0
0
0
0
0
0
0
0
0
0
0
0
0
0
0
0
0
0
0
0
0
0
0
0
0
0
0
0
0
0
0
0
0
0
0
0
0
0
0
0
0
0
0
0
0
0
0
0
0
0
0
0
0
0
0
0
0
0
0
0
0
0
0
0
